0.933,30,28,65
B0,mixamorig_Hips,-1,0.9831279516220093,-0.06350526958703995,-0.17154239118099213,0,0.0616927444934845,0.9979689121246338,-0.01588193140923977,0,0.17220260202884674,0.005031049717217684,0.9850490689277649,0,0.0028349999338388443,1.1588410139083862,0.010335000231862068,1
B1,mixamorig_Spine,0,0.9990710020065308,0.041086286306381226,0.012986992485821247,0,-0.04048171266913414,0.9982190132141113,-0.04381371662020683,0,-0.01476400624960661,0.0432472825050354,0.9989550113677979,0,0,0.10225199908018112,-0.00911100022494793,1
B2,mixamorig_Spine1,1,0.9991000890731812,0.00999002531170845,0.041214823722839355,0,-0.011164967902004719,0.999535083770752,0.028376692906022072,0,-0.04091217368841171,-0.028811313211917877,0.9987469911575317,0,0,0.11976700276136398,0,1
B3,mixamorig_Spine2,2,0.9991949796676636,0.0028849749360233545,0.04000892862677574,0,-0.0008370084688067436,0.99869304895401,-0.05111033096909523,0,-0.04010407254099846,0.05103567615151405,0.9978910684585571,0,0,0.13687600195407867,0,1
B4,mixamorig_Neck,3,0.9996510744094849,-0.01776912622153759,0.019563090056180954,0,0.017168883234262466,0.9993890523910522,0.03043375164270401,0,-0.020091911777853966,-0.030087245628237724,0.9993450045585632,0,0,0.15398600697517395,0,1
B5,mixamorig_Head,4,0.9977390170097351,0.006990670692175627,0.06684999912977219,0,-0.005402322392910719,0.9996989965438843,-0.023911120370030403,0,-0.06699700653553009,0.023495901376008987,0.9974759817123413,0,0,0.06176400184631348,0.01181199960410595,1
B6,mixamorig_HeadTop_End,5,1,0,0,0,0,1,0,0,0,0,1,0,0,0.25551098585128784,0.048865001648664474,1
B7,mixamorig_LeftShoulder,3,0.35206472873687744,0.12927524745464325,-0.9270050525665283,0,0.9005318284034729,-0.31675732135772705,0.2978372871875763,0,-0.2551327645778656,-0.9396561980247498,-0.22793574631214142,0,0.056710001081228256,0.13860000669956207,-0.00043700000969693065,1
B8,mixamorig_LeftArm,7,0.9848039150238037,-0.1657264530658722,-0.051916252821683884,0,0.12904955446720123,0.49827611446380615,0.8573610186576843,0,-0.11621873825788498,-0.8510320782661438,0.5120910406112671,0,0,0.10702899843454361,0,1
B9,mixamorig_LeftForeArm,8,0.8070029616355896,0.5903531312942505,0.015138383023440838,0,-0.5903728604316711,0.8058761358261108,0.04499688372015953,0,0.014364374801516533,-0.04524987190961838,0.9988719820976257,0,0,0.2701619863510132,0,1
B10,mixamorig_LeftHand,9,0.881816029548645,0.25148287415504456,-0.39894405007362366,0,-0.2656560242176056,0.9638519287109375,0.02038511447608471,0,0.3896499276161194,0.08800606429576874,0.9167490005493164,0,0,0.3300809860229492,0,1
B11,mixamorig_LeftHandThumb1,10,0.6992000937461853,0.3711022138595581,-0.6110667586326599,0,-0.27179571986198425,0.9285300970077515,0.25290200114250183,0,0.6612460613250732,-0.010743748396635056,0.7500919699668884,0,-0.03061399981379509,0.04042400047183037,0.019236000254750252,1
B12,mixamorig_LeftHandThumb2,11,0.9157649278640747,-0.1877511441707611,0.3551390767097473,0,0.13983090221881866,0.977755069732666,0.1563398540019989,0,-0.37659192085266113,-0.09351111948490143,0.9216470718383789,0,-0.000981000019237399,0.043375998735427856,0,1
B13,mixamorig_LeftHandThumb3,12,0.943123996257782,0.2790277898311615,-0.18072010576725006,0,-0.2669711709022522,0.9596399068832397,0.08842004835605621,0,0.19809789955615997,-0.03514401614665985,0.9795519709587097,0,-0.0018609999679028988,0.0364530012011528,0,1
B14,mixamorig_LeftHandThumb4,13,1,0,0,0,0,1,0,0,0,0,1,0,0.002841999987140298,0.02654300071299076,0,1
B15,mixamorig_LeftHandIndex1,10,0.9994829893112183,0.03179493919014931,-0.004831130616366863,0,-0.032065048813819885,0.9967549443244934,-0.07383512705564499,0,0.002467869548127055,0.073951855301857,0.9972590208053589,0,-0.030609000474214554,0.11204099655151367,-0.0009340000106021762,1
B16,mixamorig_LeftHandIndex2,15,0.9991779923439026,-0.040324047207832336,-0.004242911469191313,0,0.03982497751712799,0.9563509225845337,0.2894950807094574,0,-0.0076158964075148106,-0.28942590951919556,0.9571700692176819,0,-0.000022000000171829015,0.028175000101327896,0,1
B17,mixamorig_LeftHandIndex3,16,0.9999979734420776,0.001714330748654902,0.0010007276432588696,0,-0.0017776883905753493,0.9977390170097351,0.06718117743730545,0,-0.0008832942112348974,-0.06718281656503677,0.9977399706840515,0,-0.00003099999958067201,0.026510000228881836,0,1
B18,mixamorig_LeftHandIndex4,17,1,0,0,0,0,1,0,0,0,0,1,0,0.000052999999752501026,0.023615999147295952,0,1
B19,mixamorig_LeftHandMiddle1,10,0.9992660284042358,-0.037866972386837006,-0.005781914107501507,0,0.0379740446805954,0.9594368934631348,0.27935418486595154,0,-0.005030917935073376,-0.2793688178062439,0.9601710438728333,0,-0.010240999981760979,0.10865700244903564,-0.0005099999834783375,1
B20,mixamorig_LeftHandMiddle2,19,0.9983010292053223,-0.05739697068929672,-0.010044199414551258,0,0.05566992983222008,0.8885829448699951,0.45532506704330444,0,-0.017209183424711227,-0.4551108479499817,0.8902689814567566,0,-0.000012999999853491317,0.03453100100159645,0,1
B21,mixamorig_LeftHandMiddle3,20,0.999521017074585,-0.0306150671094656,-0.004518033005297184,0,0.030674926936626434,0.9608250856399536,0.27545416355133057,0,-0.0040920088067650795,-0.2754608392715454,0.9613040685653687,0,-0.000014999999621068127,0.03258100152015686,0,1
B22,mixamorig_LeftHandMiddle4,21,1,0,0,0,0,1,0,0,0,0,1,0,0.000028000000384054147,0.02997099980711937,0,1
B23,mixamorig_LeftHandRing1,10,0.999040961265564,-0.04257920756936073,-0.010180003941059113,0,0.0409628227353096,0.8270919919013977,0.560571014881134,0,-0.015448885038495064,-0.5604509711265564,0.8280438780784607,0,0.011242999695241451,0.10218100249767303,-0.00019299999985378236,1
B24,mixamorig_LeftHandRing2,23,0.9994299411773682,-0.03300812095403671,-0.007077094633132219,0,0.033625856041908264,0.9548380970954895,0.2952166199684143,0,-0.0029870672151446342,-0.2952863574028015,0.9554038643836975,0,-0.000009000000318337698,0.03024899959564209,0,1
B25,mixamorig_LeftHandRing3,24,0.9997919797897339,-0.019741907715797424,-0.005059835501015186,0,0.020370125770568848,0.9757559299468994,0.21791312098503113,0,0.0006351433112286031,-0.2179708331823349,0.9759550094604492,0,-0.000018000000636675395,0.028824999928474426,0,1
B26,mixamorig_LeftHandRing4,25,1,0,0,0,0,1,0,0,0,0,1,0,0.000025999999706982635,0.026278000324964523,0,1
B27,mixamorig_LeftHandPinky1,10,0.9888410568237305,-0.13592088222503662,-0.06098472326993942,0,0.14801223576068878,0.849890947341919,0.5057440400123596,0,-0.016910813748836517,-0.5091269612312317,0.8605250120162964,0,0.029608000069856644,0.08625400066375732,-0.000155999994603917,1
B28,mixamorig_LeftHandPinky2,27,0.9991519451141357,-0.040594976395368576,-0.006903020665049553,0,0.03882300853729248,0.872809112071991,0.4865148067474365,0,-0.0137250367552042,-0.48637017607688904,0.8736448884010315,0,0.000009000000318337698,0.027792999520897865,0,1
B29,mixamorig_LeftHandPinky3,28,0.9996809959411621,-0.0252169668674469,-0.0012214463204145432,0,0.02518598549067974,0.9927670359611511,0.11738380044698715,0,-0.0017474524211138487,-0.11737718433141708,0.9930859804153442,0,-0.0000019999999949504854,0.02202400006353855,0,1
B30,mixamorig_LeftHandPinky4,29,1,0,0,0,0,1,0,0,0,0,1,0,-0.000007000000096013537,0.020963000133633614,0,1
B31,mixamorig_RightShoulder,3,0.03857754170894623,0.008522148244082928,0.9992190599441528,0,-0.922136127948761,-0.38490766286849976,0.038884371519088745,0,0.3849383294582367,-0.9229158759117126,-0.006990236695855856,0,-0.056710001081228256,0.13876500725746155,-0.0022899999748915434,1
B32,mixamorig_RightArm,31,0.8986539840698242,0.21525679528713226,0.38221102952957153,0,-0.4361390471458435,0.5316946506500244,0.7260051965713501,0,-0.04694201797246933,-0.8191246390342712,0.5716913938522339,0,0,0.10702899843454361,0,1
B33,mixamorig_RightForeArm,32,0.8445559144020081,-0.5352671146392822,-0.014627025462687016,0,0.5352829098701477,0.843234121799469,0.04928198829293251,0,-0.014045024290680885,-0.04945100471377373,0.9986780285835266,0,0,0.26994800567626953,0,1
B34,mixamorig_RightHand,33,0.8551949858665466,-0.05253801867365837,0.5156359076499939,0,0.006804905366152525,0.9959020614624023,0.09018611162900925,0,-0.5182610750198364,-0.0736178532242775,0.8520479798316956,0,0,0.3300899863243103,0,1
B35,mixamorig_RightHandThumb1,34,0.8246591091156006,-0.4366488456726074,0.35954993963241577,0,0.3598610758781433,0.895440936088562,0.262079119682312,0,-0.43639203906059265,-0.08673787862062454,0.8955659866333008,0,0.029124999418854713,0.037999000400304794,0.01734899915754795,1
B36,mixamorig_RightHandThumb2,35,0.9613580107688904,0.2388620674610138,0.13687922060489655,0,-0.21581493318080902,0.9625670313835144,-0.16397909820079803,0,-0.17092372477054596,0.12810197472572327,0.976921021938324,0,-0.0003129999968223274,0.04073699936270714,0,1
B37,mixamorig_RightHandThumb3,36,0.9207749962806702,-0.35055288672447205,-0.1711312234401703,0,0.3513151705265045,0.9358728528022766,-0.0268256738781929,0,0.16956092417240143,-0.03542059659957886,0.9848830699920654,0,0.001986999996006489,0.038109999150037766,0,1
B38,mixamorig_RightHandThumb4,37,1,0,0,0,0,1,0,0,0,0,1,0,-0.0016749999485909939,0.030646000057458878,0,1
B39,mixamorig_RightHandIndex1,34,0.9936619400978088,-0.11119842529296875,-0.016470691189169884,0,0.11233063787221909,0.976671040058136,0.18301589787006378,0,-0.004264633171260357,-0.1837061196565628,0.9829719662666321,0,0.03143100067973137,0.10968700051307678,0.0001230000052601099,1
B40,mixamorig_RightHandIndex2,39,0.9979550242424011,0.06292185187339783,0.01125315297394991,0,-0.06126005947589874,0.8912258744239807,0.44940322637557983,0,0.018248185515403748,-0.4491736888885498,0.8932580947875977,0,-0.00004999999873689376,0.027816999703645706,0,1
B41,mixamorig_RightHandIndex3,40,0.9999420046806335,0.010393058881163597,-0.0029160603880882263,0,-0.009041962213814259,0.9540160298347473,0.29961881041526794,0,0.005895926151424646,-0.29957515001296997,0.9540550112724304,0,0,0.026430999860167503,0,1
B42,mixamorig_RightHandIndex4,41,1,0,0,0,0,1,0,0,0,0,1,0,0.00004999999873689376,0.0235190000385046,0,1
B43,mixamorig_RightHandMiddle1,34,0.9987310171127319,0.048883985728025436,0.012120852246880531,0,-0.049762073904275894,0.9206821322441101,0.38712766766548157,0,0.007764887064695358,-0.38723933696746826,0.9219458699226379,0,0.010162999853491783,0.1083270013332367,-0.0003819999983534217,1
B44,mixamorig_RightHandMiddle2,43,0.9967289566993713,0.07799625396728516,0.02116478979587555,0,-0.07451093196868896,0.7854679822921753,0.6144000887870789,0,0.03129667416214943,-0.6139679551124573,0.7887110114097595,0,0.00001700000029813964,0.03412900120019913,0,1
B45,mixamorig_RightHandMiddle3,44,0.998540997505188,0.05244135484099388,0.012863838113844395,0,-0.05156278237700462,0.8553760647773743,0.5154348611831665,0,0.016026683151721954,-0.515346109867096,0.8568320274353027,0,0.00003400000059627928,0.03235099837183952,0,1
B46,mixamorig_RightHandMiddle4,45,1,0,0,0,0,1,0,0,0,0,1,0,-0.00005199999941396527,0.03030800074338913,0,1
B47,mixamorig_RightHandRing1,34,0.9979760050773621,0.06090201810002327,0.01827884465456009,0,-0.0581250824034214,0.7572088837623596,0.6505821347236633,0,0.02578086033463478,-0.6503278017044067,0.7592161297798157,0,-0.011905999854207039,0.10441400110721588,-0.000805000017862767,1
B48,mixamorig_RightHandRing2,47,0.9987930059432983,0.047398876398801804,0.01287905965000391,0,-0.04856908693909645,0.9140130281448364,0.4027678072452545,0,0.007319110911339521,-0.402907133102417,0.9152118563652039,0,0.00002300000051036477,0.03040199913084507,0,1
B49,mixamorig_RightHandRing3,48,0.999983012676239,0.005483631510287523,-0.0019579806830734015,0,-0.004469338804483414,0.938395082950592,0.3455347418785095,0,0.0037321457639336586,-0.3455201983451843,0.9384039044380188,0,0.000019999999494757503,0.027878999710083008,0,1
B50,mixamorig_RightHandRing4,49,1,0,0,0,0,1,0,0,0,0,1,0,-0.000043000000005122274,0.02609100006520748,0,1
B51,mixamorig_RightHandPinky1,34,0.9954599738121033,0.08393506705760956,0.04487001895904541,0,-0.0912209302186966,0.7069239616394043,0.701383113861084,0,0.027150949463248253,-0.7022919058799744,0.711371123790741,0,-0.029687000438570976,0.08670300245285034,0.00031800000579096377,1
B52,mixamorig_RightHandPinky2,51,0.9969130754470825,0.07365316897630692,0.027207784354686737,0,-0.06882905960083008,0.6530061364173889,0.7542188167572021,0,0.037783749401569366,-0.7537631988525391,0.656059741973877,0,-0.00002099999983329326,0.027261000126600266,0,1
B53,mixamorig_RightHandPinky3,52,0.9990180134773254,0.04371102154254913,-0.007284128572791815,0,-0.02682807482779026,0.7274190187454224,0.6856690645217896,0,0.03526989370584488,-0.6848000288009644,0.7278770804405212,0,0.000009000000318337698,0.022384999319911003,0,1
B54,mixamorig_RightHandPinky4,53,1,0,0,0,0,1,0,0,0,0,1,0,0.000012000000424450263,0.02009899914264679,0,1
B55,mixamorig_LeftUpLeg,0,-0.9991230368614197,-0.041374001652002335,0.006473133340477943,0,0.041017960757017136,-0.9357050657272339,0.3503909707069397,0,-0.008440127596259117,0.3503490388393402,0.936581015586853,0,0.09178300201892853,-0.0566909983754158,-0.009064000099897385,1
B56,mixamorig_LeftLeg,55,0.9917210340499878,0.08983368426561356,-0.09176068753004074,0,-0.12091442942619324,0.4126361012458801,-0.902834951877594,0,-0.04324118420481682,0.9064550995826721,0.42008185386657715,0,0,0.5176290273666382,0,1
B57,mixamorig_LeftFoot,56,0.9987990856170654,0.0017732955748215318,-0.048954855650663376,0,0.040505267679691315,0.5321463346481323,0.8456826210021973,0,0.027550801634788513,-0.846650242805481,0.5314356088638306,0,0,0.5081629753112793,0,1
B58,mixamorig_LeftToeBase,57,0.9978650212287903,-0.0002561687433626503,0.06531728804111481,0,-0.03571499139070511,0.8351247906684875,0.5489001870155334,0,-0.05468866974115372,-0.5500607490539551,0.8333322405815125,0,0,0.15687300264835358,0,1
B59,mixamorig_LeftToe_End,58,1,0,0,0,0,1,0,0,0,0,1,0,0,0.057158999145030975,0,1
B60,mixamorig_RightUpLeg,0,-0.9654400944709778,-0.1769329458475113,-0.19136273860931396,0,0.15673810243606567,-0.98079514503479,0.11608178168535233,0,-0.20822633802890778,0.08207616955041885,0.9746309518814087,0,-0.09178300201892853,-0.0566909983754158,-0.011859999969601631,1
B61,mixamorig_RightLeg,60,0.9989669919013977,-0.025570839643478394,0.03755602613091469,0,0.03346814960241318,0.9731729626655579,-0.2276260256767273,0,-0.030727937817573547,0.22864794731140137,0.9730240702629089,0,0,0.5173709988594055,0,1
B62,mixamorig_RightFoot,61,0.9932460188865662,-0.10603297501802444,-0.04710882157087326,0,0.0906381607055664,0.45559707283973694,0.8855598568916321,0,-0.07243595272302628,-0.8838491439819336,0.4621308445930481,0,0,0.5081149935722351,0,1
B63,mixamorig_RightToeBase,62,0.9978079795837402,0.00044690098729915917,-0.06616823375225067,0,0.03780478239059448,0.8168510794639587,0.57560795545578,0,0.05430686101317406,-0.5768479704856873,0.8150439858436584,0,0,0.1542389988899231,0,1
B64,mixamorig_RightToe_End,63,1,0,0,0,0,1,0,0,0,0,1,0,0,0.05704199895262718,0,1
@52,0,1,2,3,4,5,7,8,9,10,11,12,13,15,16,17,19,20,21,23,24,25,27,28,29,31,32,33,34,35,36,37,39,40,41,43,44,45,47,48,49,51,52,53,55,56,57,58,60,61,62,63
K0,0.9831279516220093,-0.06350526213645935,-0.17154240608215332,0,0.0616927370429039,0.9979689717292786,-0.015881940722465515,0,0.17220261693000793,0.00503105903044343,0.9850490689277649,0,0.0028349999338388443,1.1588410139083862,0.010335000231862068,1,0.9990710020065308,0.041086290031671524,0.012986993417143822,0,-0.04048171266913414,0.9982190132141113,-0.04381372034549713,0,-0.014764007180929184,0.0432472862303257,0.9989550113677979,0,0,0.10225199908018112,-0.00911100022494793,1,0.9991000890731812,0.009990029036998749,0.041214827448129654,0,-0.011164971627295017,0.999535083770752,0.028376691043376923,0,-0.04091217741370201,-0.028811311349272728,0.9987469911575317,0,0,0.11976700276136398,0,1,0.9991949796676636,0.002884983317926526,0.04000892862677574,0,-0.000837016967125237,0.99869304895401,-0.05111033096909523,0,-0.04010407254099846,0.05103567615151405,0.9978910684585571,0,0,0.13687600195407867,0,1,0.9996510744094849,-0.01776912435889244,0.019563090056180954,0,0.017168879508972168,0.9993890523910522,0.03043375350534916,0,-0.020091911777853966,-0.030087247490882874,0.9993450045585632,0,0,0.15398600697517395,0,1,0.9977390170097351,0.006990673951804638,0.06684999912977219,0,-0.005402326583862305,0.9996989965438843,-0.023911111056804657,0,-0.06699700653553009,0.023495890200138092,0.9974759817123413,0,0,0.06176400184631348,0.01181199960410595,1,0.35206466913223267,0.1292753517627716,-0.9270050525665283,0,0.9005317687988281,-0.31675758957862854,0.2978370487689972,0,-0.2551330626010895,-0.9396560192108154,-0.22793586552143097,0,0.056710001081228256,0.13860000669956207,-0.00043700000969693065,1,0.9848039150238037,-0.16572660207748413,-0.05191599577665329,0,0.1290493905544281,0.49827611446380615,0.8573609590530396,0,-0.11621899157762527,-0.8510319590568542,0.5120910406112671,0,0,0.10702899843454361,0,1,0.8070029616355896,0.5903530716896057,0.015138419345021248,0,-0.5903728604316711,0.8058761358261108,0.04499700665473938,0,0.014364420436322689,-0.04524999111890793,0.9988719820976257,0,0,0.2701619863510132,0,1,0.8818159699440002,0.25148293375968933,-0.39894405007362366,0,-0.26565608382225037,0.9638519287109375,0.020385101437568665,0,0.3896499276161194,0.08800610154867172,0.9167490005493164,0,0,0.3300809860229492,0,1,0.6991999745368958,0.37110230326652527,-0.6110668182373047,0,-0.27179569005966187,0.9285300970077515,0.25290215015411377,0,0.6612462401390076,-0.010743853636085987,0.7500918507575989,0,-0.03061399981379509,0.04042400047183037,0.019236000254750252,1,0.9157649278640747,-0.18775111436843872,0.3551390767097473,0,0.13983087241649628,0.977755069732666,0.1563398689031601,0,-0.37659192085266113,-0.09351114183664322,0.9216470122337341,0,-0.000981000019237399,0.043375998735427856,0,1,0.943123996257782,0.2790277898311615,-0.18072010576725006,0,-0.2669711709022522,0.9596399068832397,0.08842001855373383,0,0.19809789955615997,-0.03514398634433746,0.9795519709587097,0,-0.0018609999679028988,0.0364530012011528,0,1,0.9994829893112183,0.031794942915439606,-0.004831130150705576,0,-0.032065052539110184,0.9967549443244934,-0.07383512705564499,0,0.002467869082465768,0.073951855301857,0.9972590208053589,0,-0.030609000474214554,0.11204099655151367,-0.0009340000106021762,1,0.9991779923439026,-0.04032403603196144,-0.004242902155965567,0,0.0398249626159668,0.9563509225845337,0.289495050907135,0,-0.007615901529788971,-0.28942587971687317,0.9571700692176819,0,-0.000022000000171829015,0.028175000101327896,0,1,0.9999979734420776,0.0017143216682597995,0.0010007163509726524,0,-0.001777678495272994,0.9977390170097351,0.06718118488788605,0,-0.0008832835592329502,-0.06718282401561737,0.9977399706840515,0,-0.00003099999958067201,0.026510000228881836,0,1,0.9992660284042358,-0.03786695748567581,-0.005781914107501507,0,0.0379740335047245,0.9594368934631348,0.27935418486595154,0,-0.0050309146754443645,-0.2793688178062439,0.9601710438728333,0,-0.010240999981760979,0.10865700244903564,-0.0005099999834783375,1,0.9983010292053223,-0.0573970265686512,-0.010044204071164131,0,0.05566997826099396,0.8885829448699951,0.45532509684562683,0,-0.01720920391380787,-0.4551108777523041,0.8902689814567566,0,-0.000012999999853491317,0.03453100100159645,0,1,0.999521017074585,-0.030615072697401047,-0.004518021363765001,0,0.030674928799271584,0.9608250856399536,0.27545416355133057,0,-0.004092021379619837,-0.2754608392715454,0.9613040685653687,0,-0.000014999999621068127,0.03258100152015686,0,1,0.9990410208702087,-0.04257921129465103,-0.010179939679801464,0,0.040962789207696915,0.8270920515060425,0.5605709552764893,0,-0.015448938123881817,-0.5604509115219116,0.8280439376831055,0,0.011242999695241451,0.10218100249767303,-0.00019299999985378236,1,0.9994299411773682,-0.03300813212990761,-0.007077082525938749,0,0.03362586349248886,0.9548380970954895,0.2952166199684143,0,-0.002987082814797759,-0.2952863574028015,0.9554038643836975,0,-0.000009000000318337698,0.03024899959564209,0,1,0.9997919797897339,-0.01974189095199108,-0.005059844348579645,0,0.020370109006762505,0.9757559299468994,0.21791312098503113,0,0.0006351560587063432,-0.2179708331823349,0.9759550094604492,0,-0.000018000000636675395,0.028824999928474426,0,1,0.9888410568237305,-0.13592080771923065,-0.06098475307226181,0,0.1480121910572052,0.849890947341919,0.5057440400123596,0,-0.016910752281546593,-0.5091269612312317,0.8605250120162964,0,0.029608000069856644,0.08625400066375732,-0.000155999994603917,1,0.9991519451141357,-0.040594980120658875,-0.006903030443936586,0,0.038823019713163376,0.872809112071991,0.4865148067474365,0,-0.013725031167268753,-0.48637017607688904,0.8736448884010315,0,0.000009000000318337698,0.027792999520897865,0,1,0.9996809959411621,-0.025216994807124138,-0.001221451093442738,0,0.02518601343035698,0.9927670359611511,0.11738381534814835,0,-0.0017474513733759522,-0.11737719923257828,0.9930859804153442,0,-0.0000019999999949504854,0.02202400006353855,0,1,0.03857795521616936,0.008521717973053455,0.9992190599441528,0,-0.9221360683441162,-0.3849078118801117,0.038884591311216354,0,0.38493844866752625,-0.9229158163070679,-0.006990806665271521,0,-0.056710001081228256,0.13876500725746155,-0.0022899999748915434,1,0.8986539840698242,0.21525685489177704,0.38221102952957153,0,-0.4361390769481659,0.5316945910453796,0.7260052561759949,0,-0.04694194346666336,-0.819124698638916,0.5716913938522339,0,0,0.10702899843454361,0,1,0.8445559144020081,-0.5352671146392822,-0.014627027325332165,0,0.5352829098701477,0.843234121799469,0.04928199574351311,0,-0.01404502708464861,-0.049451012164354324,0.9986780285835266,0,0,0.26994800567626953,0,1,0.8551949858665466,-0.05253806337714195,0.5156359076499939,0,0.006804937031120062,0.9959020614624023,0.09018614143133163,0,-0.5182610750198364,-0.07361786812543869,0.8520479798316956,0,0,0.3300899863243103,0,1,0.8246590495109558,-0.4366488754749298,0.35954993963241577,0,0.3598611056804657,0.8954408764839172,0.262079119682312,0,-0.43639206886291504,-0.08673784881830215,0.895565927028656,0,0.029124999418854713,0.037999000400304794,0.01734899915754795,1,0.9613580107688904,0.2388620674610138,0.13687925040721893,0,-0.21581493318080902,0.9625670313835144,-0.16397906839847565,0,-0.17092375457286835,0.12810194492340088,0.976921021938324,0,-0.0003129999968223274,0.04073699936270714,0,1,0.9207750558853149,-0.35055285692214966,-0.1711311638355255,0,0.3513151705265045,0.9358728528022766,-0.026825617998838425,0,0.16956083476543427,-0.03542061895132065,0.9848831295967102,0,0.001986999996006489,0.038109999150037766,0,1,0.9936619997024536,-0.11119840294122696,-0.016470659524202347,0,0.1123306080698967,0.976671040058136,0.18301589787006378,0,-0.004264658782631159,-0.1837061047554016,0.9829719662666321,0,0.03143100067973137,0.10968700051307678,0.0001230000052601099,1,0.9979550242424011,0.06292188912630081,0.011253180913627148,0,-0.06126010790467262,0.8912258744239807,0.44940322637557983,0,0.0182481799274683,-0.4491736888885498,0.8932580947875977,0,-0.00004999999873689376,0.027816999703645706,0,1,0.9999420046806335,0.010393049567937851,-0.0029160690028220415,0,-0.009041951037943363,0.9540160298347473,0.29961881041526794,0,0.005895931273698807,-0.29957515001296997,0.9540550112724304,0,0,0.026430999860167503,0,1,0.9987310171127319,0.04888395220041275,0.012120864354074001,0,-0.049762047827243805,0.9206821322441101,0.38712766766548157,0,0.007764863315969706,-0.38723933696746826,0.9219458699226379,0,0.010162999853491783,0.1083270013332367,-0.0003819999983534217,1,0.9967289566993713,0.07799617946147919,0.021164698526263237,0,-0.07451081275939941,0.7854679822921753,0.6144000887870789,0,0.03129669651389122,-0.6139679551124573,0.7887110114097595,0,0.00001700000029813964,0.03412900120019913,0,1,0.998540997505188,0.05244130641222,0.012863741256296635,0,-0.05156268924474716,0.8553760647773743,0.5154348611831665,0,0.01602674089372158,-0.515346109867096,0.8568320274353027,0,0.00003400000059627928,0.03235099837183952,0,1,0.9979760050773621,0.06090196594595909,0.018278833478689194,0,-0.05812503769993782,0.7572088837623596,0.6505821347236633,0,0.02578083425760269,-0.6503278017044067,0.7592161297798157,0,-0.011905999854207039,0.10441400110721588,-0.000805000017862767,1,0.9987930059432983,0.047398891299963,0.012879090383648872,0,-0.04856910929083824,0.9140130281448364,0.4027678370475769,0,0.007319089490920305,-0.4029071629047394,0.9152118563652039,0,0.00002300000051036477,0.03040199913084507,0,1,0.999983012676239,0.005483634769916534,-0.0019579145591706038,0,-0.004469364415854216,0.938395082950592,0.3455347418785095,0,0.003732084995135665,-0.3455201983451843,0.9384039044380188,0,0.000019999999494757503,0.027878999710083008,0,1,0.9954599738121033,0.08393508195877075,0.044869985431432724,0,-0.0912209153175354,0.7069239616394043,0.701383113861084,0,0.027150984853506088,-0.7022919058799744,0.711371123790741,0,-0.029687000438570976,0.08670300245285034,0.00031800000579096377,1,0.9969130754470825,0.07365305721759796,0.027207713574171066,0,-0.06882894039154053,0.6530061960220337,0.7542187571525574,0,0.03778370842337608,-0.7537631392478943,0.6560598015785217,0,-0.00002099999983329326,0.027261000126600266,0,1,0.9990180134773254,0.043710969388484955,-0.007284138817340136,0,-0.02682803012430668,0.7274190187454224,0.6856690645217896,0,0.03526986390352249,-0.6848000288009644,0.7278770804405212,0,0.000009000000318337698,0.022384999319911003,0,1,-0.9991230368614197,-0.041374024003744125,0.006473134737461805,0,0.04101797938346863,-0.9357050657272339,0.3503909707069397,0,-0.008440135046839714,0.3503490388393402,0.936581015586853,0,0.09178300201892853,-0.0566909983754158,-0.009064000099897385,1,0.9917210340499878,0.08983347564935684,-0.09176090359687805,0,-0.1209145337343216,0.4126361012458801,-0.9028348922729492,0,-0.043240904808044434,0.9064550995826721,0.42008182406425476,0,0,0.5176290273666382,0,1,0.9987990260124207,0.001773376134224236,-0.048955030739307404,0,0.04050537198781967,0.5321463346481323,0.8456826210021973,0,0.027550963684916496,-0.846650242805481,0.5314356088638306,0,0,0.5081629753112793,0,1,0.9978649616241455,-0.00025608777650631964,0.06531734019517899,0,-0.03571508452296257,0.8351247906684875,0.5489001870155334,0,-0.05468866601586342,-0.5500607490539551,0.8333321809768677,0,0,0.15687300264835358,0,1,-0.9654400944709778,-0.1769329160451889,-0.19136270880699158,0,0.1567380726337433,-0.98079514503479,0.11608180403709412,0,-0.2082263082265854,0.08207619190216064,0.9746309518814087,0,-0.09178300201892853,-0.0566909983754158,-0.011859999969601631,1,0.9989669919013977,-0.025570843368768692,0.03755604475736618,0,0.033468157052993774,0.9731729626655579,-0.2276260256767273,0,-0.03072795644402504,0.22864794731140137,0.9730240106582642,0,0,0.5173709988594055,0,1,0.9932460188865662,-0.10603286325931549,-0.047108836472034454,0,0.09063812345266342,0.4555971026420593,0.8855598568916321,0,-0.07243584096431732,-0.8838491439819336,0.4621308445930481,0,0,0.5081149935722351,0,1,0.9978079795837402,0.0004468289262149483,-0.06616821140050888,0,0.037804827094078064,0.8168510794639587,0.57560795545578,0,0.05430680140852928,-0.5768479704856873,0.8150439858436584,0,0,0.1542389988899231,0,1
K0.033,0.9881131649017334,-0.04530435428023338,-0.1469033658504486,0,0.046099286526441574,0.9989349842071533,0.002009553136304021,0,0.1466558277606964,-0.00875780452042818,0.9891490340232849,0,0.0059520406648516655,1.1616400480270386,0.07055862247943878,1,0.9994410276412964,0.03294111788272858,0.0056602018885314465,0,-0.03261571004986763,0.9982039928436279,-0.050258949398994446,0,-0.007305618841201067,0.050046224147081375,0.9987199902534485,0,0,0.10225199908018112,-0.00911100022494793,1,0.999750018119812,0.0024977223947644234,0.022230440750718117,0,-0.003008214058354497,0.9997319579124451,0.022959914058446884,0,-0.02216712385416031,-0.023021036759018898,0.9994890093803406,0,0,0.11976700276136398,0,1,0.999754011631012,-0.005656342953443527,0.021456770598888397,0,0.00685072410851717,0.9984070658683777,-0.056005921214818954,0,-0.021105796098709106,0.05613912269473076,0.998199999332428,0,0,0.13687600195407867,0,1,0.9996569752693176,-0.013632817193865776,0.022350724786520004,0,0.012774311937391758,0.9991919994354248,0.03811376914381981,0,-0.022852253168821335,-0.037815164774656296,0.9990230202674866,0,0,0.15398600697517395,0,1,0.9971330165863037,0.0152320247143507,0.07411717623472214,0,-0.014698009006679058,0.9998619556427002,-0.007745193317532539,0,-0.07422491163015366,0.006633611395955086,0.9972190260887146,0,0,0.06176400184631348,0.01181199960410595,1,0.35256141424179077,0.12632977962493896,-0.9272221922874451,0,0.8971219658851624,-0.32751044631004333,0.29649442434310913,0,-0.26621896028518677,-0.9363639950752258,-0.22880075871944427,0,0.056710001081228256,0.13860000669956207,-0.00043700000969693065,1,0.9682577848434448,-0.23707875609397888,-0.07918799668550491,0,0.184584841132164,0.4645828306674957,0.8660779595375061,0,-0.16853934526443481,-0.8532038331031799,0.49359720945358276,0,0,0.10702899843454361,0,1,0.8424871563911438,0.5385726690292358,0.012434190139174461,0,-0.5385901927947998,0.8415668606758118,0.041049957275390625,0,0.011644191108644009,-0.04128102585673332,0.9990799427032471,0,0,0.2701619863510132,0,1,0.8603333234786987,0.16817615926265717,-0.4811895489692688,0,-0.11216611415147781,0.9833269715309143,0.14312845468521118,0,0.49723759293556213,-0.06916503608226776,0.8648529052734375,0,0,0.3300809860229492,0,1,0.7042461037635803,0.34213972091674805,-0.622075080871582,0,-0.28511402010917664,0.9387510418891907,0.19353549182415009,0,0.6501900553703308,0.041065726429224014,0.7586609125137329,0,-0.03061399981379509,0.04042400047183037,0.019236000254750252,1,0.9610962271690369,-0.11486252397298813,0.2511966824531555,0,0.0685882568359375,0.9801948070526123,0.1857815980911255,0,-0.267561137676239,-0.16132491827011108,0.9499401450157166,0,-0.000981000019237399,0.043375998735427856,0,1,0.882138729095459,0.41070041060447693,-0.23055830597877502,0,-0.3997158706188202,0.911729633808136,0.09473896026611328,0,0.24911601841449738,0.008584903553128242,0.9684349894523621,0,-0.0018609999679028988,0.0364530012011528,0,1,0.999439001083374,0.02246301993727684,-0.024830104783177376,0,-0.022861862555146217,0.9996119737625122,-0.015897303819656372,0,0.02446337416768074,0.01645605079829693,0.9995650053024292,0,-0.030609000474214554,0.11204099655151367,-0.0009340000106021762,1,0.9991639852523804,-0.04063865542411804,-0.004339150618761778,0,0.04012634977698326,0.9552908539772034,0.2929302453994751,0,-0.00775914965197444,-0.2928597927093506,0.9561240673065186,0,-0.000022000000171829015,0.028175000101327896,0,1,0.9999990463256836,0.0013811298413202167,0.0010061294306069613,0,-0.001448865863494575,0.9974919557571411,0.07076482474803925,0,-0.0009058706345967948,-0.07076621800661087,0.9974929690361023,0,-0.00003099999958067201,0.026510000228881836,0,1,0.9982839822769165,-0.05730019137263298,-0.012073032557964325,0,0.058244090527296066,0.9502670168876648,0.3059431314468384,0,-0.006057990249246359,-0.3061210811138153,0.9519729614257812,0,-0.010240999981760979,0.10865700244903564,-0.0005099999834783375,1,0.9983029961585999,-0.05736498162150383,-0.010029220022261143,0,0.055641014128923416,0.8887540698051453,0.45499396324157715,0,-0.017187219113111496,-0.45478007197380066,0.8904380798339844,0,-0.000012999999853491317,0.03453100100159645,0,1,0.9995220303535461,-0.03058811090886593,-0.0045096795074641705,0,0.030647896230220795,0.9609060287475586,0.27517417073249817,0,-0.004083679523319006,-0.2751808166503906,0.9613840579986572,0,-0.000014999999621068127,0.03258100152015686,0,1,0.9987409710884094,-0.04832414165139198,-0.013489071279764175,0,0.04703792929649353,0.8083577752113342,0.5868093371391296,0,-0.017453055828809738,-0.5867049098014832,0.8096129894256592,0,0.011242999695241451,0.10218100249767303,-0.00019299999985378236,1,0.999439001083374,-0.03275306150317192,-0.006968481931835413,0,0.03335893154144287,0.9557200074195862,0.2923818528652191,0,-0.002916482277214527,-0.29245010018348694,0.9562759399414062,0,-0.000009000000318337698,0.03024899959564209,0,1,0.9997979998588562,-0.019479740411043167,-0.004972249269485474,0,0.02009325660765171,0.9764069318771362,0.21500226855278015,0,0.0006667505949735641,-0.21505871415138245,0.9766010046005249,0,-0.000018000000636675395,0.028824999928474426,0,1,0.9863739609718323,-0.14879721403121948,-0.07018927484750748,0,0.16355185210704803,0.8406118750572205,0.5163552761077881,0,-0.017830269411206245,-0.5207986831665039,0.8534931540489197,0,0.029608000069856644,0.08625400066375732,-0.000155999994603917,1,0.9991530179977417,-0.04056822881102562,-0.006891952827572823,0,0.03879876807332039,0.872969925403595,0.4862280786037445,0,-0.013708952814340591,-0.4860839247703552,0.8738049864768982,0,0.000009000000318337698,0.027792999520897865,0,1,0.9996820092201233,-0.025188425555825233,-0.0012161254417151213,0,0.02515757828950882,0.9928060173988342,0.11705783009529114,0,-0.0017411255976185203,-0.11705119907855988,0.9931240081787109,0,-0.0000019999999949504854,0.02202400006353855,0,1,0.04414166137576103,0.008552641607820988,0.998988926410675,0,-0.9211750030517578,-0.38665083050727844,0.04401358589529991,0,0.3866361081600189,-0.922186017036438,-0.009188931435346603,0,-0.056710001081228256,0.13876500725746155,-0.0022899999748915434,1,0.9381222724914551,0.1823498010635376,0.2944061756134033,0,-0.3453467786312103,0.5557759404182434,0.7562065124511719,0,-0.02572978287935257,-0.811086893081665,0.5843601226806641,0,0,0.10702899843454361,0,1,0.8362679481506348,-0.5481051802635193,-0.015390578657388687,0,0.5481209754943848,0.8348750472068787,0.050464384257793427,0,-0.014810577966272831,-0.05063764005899429,0.9986070394515991,0,0,0.26994800567626953,0,1,0.8473268747329712,-0.019600514322519302,0.5307101011276245,0,-0.01549594197422266,0.997981071472168,0.06159873306751251,0,-0.5308458209037781,-0.06041809171438217,0.8453121781349182,0,0,0.3300899863243103,0,1,0.8249506950378418,-0.43885621428489685,0.3561754524707794,0,0.36519405245780945,0.8948349356651306,0.25671830773353577,0,-0.43138059973716736,-0.08170678466558456,0.898462176322937,0,0.029124999418854713,0.037999000400304794,0.01734899915754795,1,0.9617388844490051,0.24199438095092773,0.12844085693359375,0,-0.22025565803050995,0.961759090423584,-0.1628132313489914,0,-0.16292892396450043,0.12829390168190002,0.9782609939575195,0,-0.0003129999968223274,0.04073699936270714,0,1,0.9196169972419739,-0.3545050024986267,-0.16920582950115204,0,0.3550160229206085,0.9344329833984375,-0.028263863176107407,0,0.16813111305236816,-0.03407883644104004,0.9851749539375305,0,0.001986999996006489,0.038109999150037766,0,1,0.9929579496383667,-0.11712617427110672,-0.01778997667133808,0,0.1183849424123764,0.9753270745277405,0.18633762001991272,0,-0.004473964683711529,-0.18713150918483734,0.9823249578475952,0,0.03143100067973137,0.10968700051307678,0.0001230000052601099,1,0.9979529976844788,0.06294584274291992,0.01126528438180685,0,-0.061282165348529816,0.8911060690879822,0.44963788986206055,0,0.0182642824947834,-0.4494081139564514,0.8931399583816528,0,-0.00004999999873689376,0.027816999703645706,0,1,0.9999409914016724,0.010421023704111576,-0.0029131141491234303,0,-0.009067974984645844,0.9539368152618408,0.2998705506324768,0,0.0059038856998085976,-0.2998264729976654,0.9539751410484314,0,0,0.026430999860167503,0,1,0.9992629885673523,0.037648703902959824,0.007501967716962099,0,-0.03753703832626343,0.9173129796981812,0.39639294147491455,0,0.00804202537983656,-0.39638227224349976,0.9180499315261841,0,0.010162999853491783,0.1083270013332367,-0.0003819999983534217,1,0.9967269897460938,0.07801587134599686,0.02117970399558544,0,-0.07452812045812607,0.785319983959198,0.6145870089530945,0,0.031314700841903687,-0.6141539216041565,0.7885640263557434,0,0.00001700000029813964,0.03412900120019913,0,1,0.9985399842262268,0.052457086741924286,0.012872297316789627,0,-0.05157792568206787,0.8552880883216858,0.5155799388885498,0,0.016036296263337135,-0.5154911279678345,0.8567450046539307,0,0.00003400000059627928,0.03235099837183952,0,1,0.997990071773529,0.06073087081313133,0.01811213791370392,0,-0.057786133140325546,0.7546938061714172,0.6535272002220154,0,0.026020141318440437,-0.6532599925994873,0.7566859722137451,0,-0.011905999854207039,0.10441400110721588,-0.000805000017862767,1,0.9987879991531372,0.04748586565256119,0.012927139177918434,0,-0.04866112768650055,0.913627028465271,0.40362992882728577,0,0.007356137968599796,-0.40376999974250793,0.9148309230804443,0,0.00002300000051036477,0.03040199913084507,0,1,0.999983012676239,0.005585105624049902,-0.0019437767332419753,0,-0.004565896466374397,0.9380658268928528,0.34642738103866577,0,0.0037582232616841793,-0.3464125394821167,0.9380751252174377,0,0.000019999999494757503,0.027878999710083008,0,1,0.9956420063972473,0.08233221620321274,0.043809857219457626,0,-0.08915473520755768,0.7023618817329407,0.7062152028083801,0,0.02737387642264366,-0.7070430517196655,0.7066409587860107,0,-0.029687000438570976,0.08670300245285034,0.00031800000579096377,1,0.9969079494476318,0.07369718700647354,0.027250925078988075,0,-0.06886681169271469,0.6525291800498962,0.7546278834342957,0,0.037831924855709076,-0.7541711926460266,0.655586838722229,0,-0.00002099999983329326,0.027261000126600266,0,1,0.9990149140357971,0.04377693682909012,-0.007262096274644136,0,-0.026869067922234535,0.7269879579544067,0.6861249208450317,0,0.035315901041030884,-0.6852538585662842,0.7274479866027832,0,0.000009000000318337698,0.022384999319911003,0,1,-0.9997950792312622,0.0021610609255731106,-0.020147185772657394,0,-0.010724497959017754,-0.90004962682724,0.435655802488327,0,-0.017191976308822632,0.4357823431491852,0.8998878002166748,0,0.09178300201892853,-0.0566909983754158,-0.009064000099897385,1,0.9903410077095032,0.12531308829784393,-0.05933835729956627,0,-0.11631491035223007,0.5179305076599121,-0.8474780917167664,0,-0.07546693086624146,0.8461940288543701,0.527503490447998,0,0,0.5176290273666382,0,1,0.9986180067062378,-0.03029719367623329,-0.04294421896338463,0,0.05229582265019417,0.4916359484195709,0.8692290186882019,0,-0.005222275387495756,-0.8702731132507324,0.4925406873226166,0,0,0.5081629753112793,0,1,0.9978389143943787,-0.000131835084175691,0.06570916622877121,0,-0.03528483211994171,0.8425151109695435,0.5375148057937622,0,-0.055431853979825974,-0.5386719107627869,0.840690016746521,0,0,0.15687300264835358,0,1,-0.9661951661109924,-0.1579914689064026,-0.20373207330703735,0,0.14661499857902527,-0.986723005771637,0.06987179070711136,0,-0.21206608414649963,0.037639569491147995,0.9765300154685974,0,-0.09178300201892853,-0.0566909983754158,-0.011859999969601631,1,0.9988840818405151,-0.03342679515480995,0.033365800976753235,0,0.03993121534585953,0.9749809503555298,-0.21867206692695618,0,-0.02522152103483677,0.21976041793823242,0.9752278923988342,0,0,0.5173709988594055,0,1,0.9942029714584351,-0.10714492201805115,-0.008959456346929073,0,0.05461961030960083,0.4315226674079895,0.9004471898078918,0,-0.09261210262775421,-0.8957163691520691,0.43487322330474854,0,0,0.5081149935722351,0,1,0.9978060126304626,0.00043705233838409185,-0.06620242446660995,0,0.03777005150914192,0.8175140023231506,0.5746690630912781,0,0.05437258630990982,-0.575908899307251,0.8157041668891907,0,0,0.1542389988899231,0,1
