1.933,30,58,65
B0,mixamorig_Hips,-1,0.7328701615333557,0.0013137811329215765,0.680366575717926,0,0.055077943950891495,0.9966017007827759,-0.06125272065401077,0,-0.6781349182128906,0.08236347883939743,0.7303073406219482,0,-0.0052689556032419205,1.0997110605239868,0.0015336101641878486,1
B1,mixamorig_Spine,0,0.9968271255493164,-0.012105853296816349,-0.07866793870925903,0,0.012786069884896278,0.9998850226402283,0.00814867950975895,0,0.0785602331161499,-0.009128676727414131,0.9968671202659607,0,0,0.10225199908018112,-0.00911100022494793,1
B2,mixamorig_Spine1,1,0.9863973259925842,-0.00466365460306406,-0.16431517899036407,0,0.036497753113508224,0.9808608889579773,0.19125980138778687,0,0.16027827560901642,-0.19465519487857819,0.9676882028579712,0,0,0.11976700276136398,0,1
B3,mixamorig_Spine2,2,0.9863973259925842,-0.00466365460306406,-0.16431517899036407,0,0.036497753113508224,0.9808608889579773,0.19125980138778687,0,0.16027827560901642,-0.19465519487857819,0.9676882028579712,0,0,0.13687600195407867,0,1
B4,mixamorig_Neck,3,0.9997600317001343,0.003081800416111946,0.021677030250430107,0,-0.0038385335355997086,0.9993815422058105,0.03495489060878754,0,-0.02155590057373047,-0.035029709339141846,0.9991535544395447,0,0,0.15398600697517395,0,1
B5,mixamorig_Head,4,0.9367135167121887,-0.03604813292622566,-0.348234623670578,0,-0.011033161543309689,0.9911512732505798,-0.13227882981300354,0,0.3499217629432678,0.12774956226348877,0.9280275106430054,0,0,0.06176400184631348,0.01181199960410595,1
B6,mixamorig_HeadTop_End,5,1,0,0,0,0,1,0,0,0,0,1,0,0,0.25551098585128784,0.048865001648664474,1
B7,mixamorig_LeftShoulder,3,-0.022830357775092125,0.02896248921751976,-0.9993197917938232,0,0.9171662926673889,-0.39718133211135864,-0.03246460482478142,0,-0.3978513181209564,-0.9172835946083069,-0.01749572716653347,0,0.056710001081228256,0.13860000669956207,-0.00043700000969693065,1
B8,mixamorig_LeftArm,7,0.9787502288818359,-0.03946016728878021,0.20122453570365906,0,-0.12279745191335678,0.67310631275177,0.7292793989181519,0,-0.16422301530838013,-0.7384923696517944,0.6539574265480042,0,0,0.10702899843454361,0,1
B9,mixamorig_LeftForeArm,8,0.6500126719474792,0.7541370987892151,-0.09359615296125412,0,-0.7484990358352661,0.6566426753997803,0.09257560968399048,0,0.13127386569976807,0.009881310164928436,0.9912964105606079,0,0,0.2701619863510132,0,1
B10,mixamorig_LeftHand,9,0.93788743019104,-0.10183364897966385,-0.3316578269004822,0,0.011941567063331604,0.9648616909980774,-0.2624860107898712,0,0.34673380851745605,0.24222180247306824,0.9061476588249207,0,0,0.3300809860229492,0,1
B11,mixamorig_LeftHandThumb1,10,0.8675737977027893,0.48287418484687805,-0.11894919723272324,0,-0.34128278493881226,0.7520719170570374,0.5638381242752075,0,0.3617214560508728,-0.4485761523246765,0.8172750473022461,0,-0.03061399981379509,0.04042400047183037,0.019236000254750252,1
B12,mixamorig_LeftHandThumb2,11,0.9995349645614624,-0.030497198924422264,0.000138287476147525,0,0.030495697632431984,0.9994159936904907,-0.015385889448225498,0,0.0003310200700070709,0.015382964164018631,0.9998821020126343,0,-0.000981000019237399,0.043375998735427856,0,1
B13,mixamorig_LeftHandThumb3,12,0.9876499772071838,0.1566297709941864,0.003949687350541353,0,-0.15662921965122223,0.9876569509506226,-0.00041740015149116516,0,-0.0039663128554821014,-0.0002063911233562976,0.9999920129776001,0,-0.0018609999679028988,0.0364530012011528,0,1
B14,mixamorig_LeftHandThumb4,13,1,0,0,0,0,1,0,0,0,0,1,0,0.002841999987140298,0.02654300071299076,0,1
B15,mixamorig_LeftHandIndex1,10,0.9760807752609253,0.21674858033657074,0.016935663297772408,0,-0.21740378439426422,0.9725468158721924,0.08299116045236588,0,0.001517492113634944,-0.08468795567750931,0.9964061975479126,0,-0.030609000474214554,0.11204099655151367,-0.0009340000106021762,1
B16,mixamorig_LeftHandIndex2,15,0.9999670386314392,-0.008095274679362774,0.0009190954151563346,0,0.0074174064211547375,0.9512423872947693,0.30835390090942383,0,-0.0033704927191138268,-0.3083369731903076,0.9512712359428406,0,-0.000022000000171829015,0.028175000101327896,0,1
B17,mixamorig_LeftHandIndex3,16,0.9999909400939941,0.004237000364810228,0.00034198781941086054,0,-0.004236999899148941,0.9999909996986389,-0.0000022245112631935626,0,-0.00034199419314973056,7.754887292321655e-7,0.9999999403953552,0,-0.00003099999958067201,0.026510000228881836,0,1
B18,mixamorig_LeftHandIndex4,17,1,0,0,0,0,1,0,0,0,0,1,0,0.000052999999752501026,0.023615999147295952,0,1
B19,mixamorig_LeftHandMiddle1,10,0.9981468915939331,-0.05587829276919365,-0.0240857545286417,0,0.06019536033272743,0.9646140336990356,0.25670063495635986,0,0.008889465592801571,-0.25767484307289124,0.9661902785301208,0,-0.010240999981760979,0.10865700244903564,-0.0005099999834783375,1
B20,mixamorig_LeftHandMiddle2,19,0.9994760155677795,0.03105427697300911,0.009097572416067123,0,-0.03215886279940605,0.9219622015953064,0.3859426975250244,0,0.0035975549835711718,-0.3860333263874054,0.922478437423706,0,-0.000012999999853491317,0.03453100100159645,0,1
B21,mixamorig_LeftHandMiddle3,20,1,0,0,0,0,1,9.999999974752427e-7,0,0,-9.999999974752427e-7,1,0,-0.000014999999621068127,0.03258100152015686,0,1
B22,mixamorig_LeftHandMiddle4,21,1,0,0,0,0,1,0,0,0,0,1,0,0.000028000000384054147,0.02997099980711937,0,1
B23,mixamorig_LeftHandRing1,10,0.9886623620986938,-0.1472310572862625,-0.02949618175625801,0,0.14090752601623535,0.8418115973472595,0.5210556387901306,0,-0.05188533291220665,-0.5193042159080505,0.8530131578445435,0,0.011242999695241451,0.10218100249767303,-0.00019299999985378236,1
B24,mixamorig_LeftHandRing2,23,0.9986019730567932,0.051593806594610214,0.011538408696651459,0,-0.04960544407367706,0.8388997316360474,0.5420216917991638,0,0.01828538253903389,-0.5418359041213989,0.84028559923172,0,-0.000009000000318337698,0.03024899959564209,0,1
B25,mixamorig_LeftHandRing3,24,1,0,0,0,0,1,0,0,0,0,1,0,-0.000018000000636675395,0.028824999928474426,0,1
B26,mixamorig_LeftHandRing4,25,1,0,0,0,0,1,0,0,0,0,1,0,0.000025999999706982635,0.026278000324964523,0,1
B27,mixamorig_LeftHandPinky1,10,0.9766186475753784,-0.2067468911409378,-0.05892770364880562,0,0.20331785082817078,0.7992032766342163,0.5656288266181946,0,-0.06984676420688629,-0.5643844604492188,0.8225518465042114,0,0.029608000069856644,0.08625400066375732,-0.000155999994603917,1
B28,mixamorig_LeftHandPinky2,27,0.9938939809799194,0.10926000773906708,0.01540311798453331,0,-0.09346098452806473,0.7594061493873596,0.6438692808151245,0,0.05865195766091347,-0.6413775682449341,0.7649808526039124,0,0.000009000000318337698,0.027792999520897865,0,1
B29,mixamorig_LeftHandPinky3,28,1,0,0,0,0,1,9.999999974752427e-7,0,0,-9.999999974752427e-7,1,0,-0.0000019999999949504854,0.02202400006353855,0,1
B30,mixamorig_LeftHandPinky4,29,1,0,0,0,0,1,0,0,0,0,1,0,-0.000007000000096013537,0.020963000133633614,0,1
B31,mixamorig_RightShoulder,3,0.0906817764043808,-0.03687738627195358,0.9951972365379333,0,-0.8970528244972229,-0.43703535199165344,0.06554436683654785,0,0.43251922726631165,-0.8986878991127014,-0.0727120116353035,0,-0.056710001081228256,0.13876500725746155,-0.0022899999748915434,1
B32,mixamorig_RightArm,31,0.8990437388420105,0.43521469831466675,-0.048056550323963165,0,-0.2834100127220154,0.6620626449584961,0.6937952041625977,0,0.3337661623954773,-0.6101322770118713,0.7185671329498291,0,0,0.10702899843454361,0,1
B33,mixamorig_RightForeArm,32,0.7460116744041443,-0.6605992913246155,-0.08411764353513718,0,0.6646978855133057,0.7309731245040894,0.15445126593112946,0,-0.040542636066675186,-0.17113515734672546,0.9844127893447876,0,0,0.26994800567626953,0,1
B34,mixamorig_RightHand,33,0.9723295569419861,-0.12048502266407013,0.20014622807502747,0,0.07100468873977661,0.9686291217803955,0.2381526082754135,0,-0.2225612998008728,-0.217351496219635,0.9503818154335022,0,0,0.3300899863243103,0,1
B35,mixamorig_RightHandThumb1,34,0.8421129584312439,-0.5251139998435974,-0.12288723886013031,0,0.5288926362991333,0.7595823407173157,0.37855878472328186,0,-0.10544352978467941,-0.3837833106517792,0.9173828363418579,0,0.029124999418854713,0.037999000400304794,0.01734899915754795,1
B36,mixamorig_RightHandThumb2,35,0.910996675491333,0.41240566968917847,-0.0027426329907029867,0,-0.41235724091529846,0.9109604954719543,0.010629573836922646,0,0.006882123649120331,-0.008552556857466698,0.9999399781227112,0,-0.0003129999968223274,0.04073699936270714,0,1
B37,mixamorig_RightHandThumb3,36,0.9941800236701965,-0.10773399472236633,-0.0000024507210127922008,0,0.10773399472236633,0.9941800236701965,-0.000001130802388615848,0,0.000002558282403697376,8.601947456554626e-7,1,0,0.001986999996006489,0.038109999150037766,0,1
B38,mixamorig_RightHandThumb4,37,1,0,0,0,0,1,0,0,0,0,1,0,-0.0016749999485909939,0.030646000057458878,0,1
B39,mixamorig_RightHandIndex1,34,0.9966325163841248,-0.0796319767832756,-0.019577911123633385,0,0.08092619478702545,0.9936681389808655,0.07794088125228882,0,0.013247351162135601,-0.07926273345947266,0.9967656135559082,0,0.03143100067973137,0.10968700051307678,0.0001230000052601099,1
B40,mixamorig_RightHandIndex2,39,0.9997249841690063,0.023312509059906006,0.0025870788376778364,0,-0.02306126430630684,0.9567797183990479,0.2898969054222107,0,0.0042829615995287895,-0.2898769676685333,0.9570547342300415,0,-0.00004999999873689376,0.027816999703645706,0,1
B41,mixamorig_RightHandIndex3,40,1,0,0,0,0,1,-9.999999974752427e-7,0,0,9.999999974752427e-7,1,0,0,0.026430999860167503,0,1
B42,mixamorig_RightHandIndex4,41,1,0,0,0,0,1,0,0,0,0,1,0,0.00004999999873689376,0.0235190000385046,0,1
B43,mixamorig_RightHandMiddle1,34,0.9990310668945312,-0.04180093854665756,-0.013730465434491634,0,0.043783754110336304,0.975287914276123,0.2165537178516388,0,0.004339010454714298,-0.21694520115852356,0.9761736989021301,0,0.010162999853491783,0.1083270013332367,-0.0003819999983534217,1
B44,mixamorig_RightHandMiddle2,43,0.9993078708648682,-0.034518904983997345,-0.013845724985003471,0,0.03636439889669418,0.8287307024002075,0.558465301990509,0,-0.007803236600011587,-0.5585824847221375,0.8294126987457275,0,0.00001700000029813964,0.03412900120019913,0,1
B45,mixamorig_RightHandMiddle3,44,0.9999949932098389,-0.0033000002149492502,-0.0002029992319876328,0,0.0032999999821186066,0.9999950528144836,-8.349508675564721e-7,0,0.00020300078904256225,1.6504907307535177e-7,1,0,0.00003400000059627928,0.03235099837183952,0,1
B46,mixamorig_RightHandMiddle4,45,1,0,0,0,0,1,0,0,0,0,1,0,-0.00005199999941396527,0.03030800074338913,0,1
B47,mixamorig_RightHandRing1,34,0.9986961483955383,0.035552144050598145,0.03663792833685875,0,-0.047020718455314636,0.9200766086578369,0.3889060914516449,0,-0.019883258268237114,-0.39012178778648376,0.9205487370491028,0,-0.011905999854207039,0.10441400110721588,-0.000805000017862767,1
B48,mixamorig_RightHandRing2,47,0.9977718591690063,-0.06434431672096252,-0.017634321004152298,0,0.061054304242134094,0.7740468382835388,0.6301772594451904,0,-0.02689855359494686,-0.6298501491546631,0.7762510776519775,0,0.00002300000051036477,0.03040199913084507,0,1
B49,mixamorig_RightHandRing3,48,1,0,0,0,0,1,0,0,0,0,1,0,0.000019999999494757503,0.027878999710083008,0,1
B50,mixamorig_RightHandRing4,49,1,0,0,0,0,1,0,0,0,0,1,0,-0.000043000000005122274,0.02609100006520748,0,1
B51,mixamorig_RightHandPinky1,34,0.994717001914978,0.08147960901260376,0.06244121864438057,0,-0.09968414902687073,0.911949634552002,0.39800989627838135,0,-0.02451353706419468,-0.4021313488483429,0.9152534008026123,0,-0.029687000438570976,0.08670300245285034,0.00031800000579096377,1
B52,mixamorig_RightHandPinky2,51,0.9897287487983704,-0.1403212994337082,-0.027347778901457787,0,0.1217154711484909,0.7267391681671143,0.6760441660881042,0,-0.07498867809772491,-0.6724287867546082,0.7363536953926086,0,-0.00002099999983329326,0.027261000126600266,0,1
B53,mixamorig_RightHandPinky3,52,1,0,0,0,0,1,0,0,0,0,1,0,0.000009000000318337698,0.022384999319911003,0,1
B54,mixamorig_RightHandPinky4,53,1,0,0,0,0,1,0,0,0,0,1,0,0.000012000000424450263,0.02009899914264679,0,1
B55,mixamorig_LeftUpLeg,0,-0.9675451517105103,-0.16253405809402466,0.19349299371242523,0,0.2250717282295227,-0.9024050831794739,0.3674319386482239,0,0.11488886177539825,0.3990567624568939,0.9096996188163757,0,0.09178300201892853,-0.0566909983754158,-0.009064000099897385,1
B56,mixamorig_LeftLeg,55,0.967930793762207,-0.1408819705247879,-0.20799343287944794,0,-0.0037401083391159773,0.8197764158248901,-0.5726713538169861,0,0.2511872351169586,0.5550842881202698,0.7929601073265076,0,0,0.5176290273666382,0,1
B57,mixamorig_LeftFoot,56,0.9953473806381226,-0.0811908096075058,-0.051890525966882706,0,0.08141634613275528,0.4206208288669586,0.9035753607749939,0,-0.05153580382466316,-0.9035965800285339,0.4252743422985077,0,0,0.5081629753112793,0,1
B58,mixamorig_LeftToeBase,57,0.9990670680999756,-0.037760619074106216,0.020942822098731995,0,0.019507594406604767,0.8274134993553162,0.5612542629241943,0,-0.038521695882081985,-0.5603223443031311,0.827378511428833,0,0,0.15687300264835358,0,1
B59,mixamorig_LeftToe_End,58,1,0,0,0,0,1,0,0,0,0,1,0,0,0.057158999145030975,0,1
B60,mixamorig_RightUpLeg,0,-0.939445972442627,0.23328593373298645,-0.2510331869125366,0,-0.2403716742992401,-0.9706772565841675,-0.002506192773580551,0,-0.24425718188285828,0.05798691511154175,0.9679754376411438,0,-0.09178300201892853,-0.0566909983754158,-0.011859999969601631,1
B61,mixamorig_RightLeg,60,0.986778199672699,-0.09228940308094025,-0.13323235511779785,0,0.0031762616708874702,0.8328970074653625,-0.5534188747406006,0,0.16204366087913513,0.5456789135932922,0.8221784234046936,0,0,0.5173709988594055,0,1
B62,mixamorig_RightFoot,61,0.9684078693389893,0.23503965139389038,0.08332465589046478,0,-0.1272662878036499,0.17846982181072235,0.975679874420166,0,0.2144525796175003,-0.9554608464241028,0.2027442753314972,0,0,0.5081149935722351,0,1
B63,mixamorig_RightToeBase,62,0.9971215724945068,-0.0014450850430876017,-0.07579997926950455,0,0.04388289526104927,0.8263048529624939,0.5615107417106628,0,0.061822496354579926,-0.5632211565971375,0.8239904046058655,0,0,0.1542389988899231,0,1
B64,mixamorig_RightToe_End,63,1,0,0,0,0,1,0,0,0,0,1,0,0,0.05704199895262718,0,1
@52,0,1,2,3,4,5,7,8,9,10,11,12,13,15,16,17,19,20,21,23,24,25,27,28,29,31,32,33,34,35,36,37,39,40,41,43,44,45,47,48,49,51,52,53,55,56,57,58,60,61,62,63
K0,0.7314871549606323,0.0018100354354828596,0.6818528175354004,0,0.05155803635716438,0.9969870448112488,-0.05795770883560181,0,-0.6799031496047974,0.07755029201507568,0.7291897535324097,0,-0.005309999920427799,1.0973039865493774,-0.003911000210791826,1,0.9967740178108215,-0.012968041002750397,-0.07920496165752411,0,0.013920959085226059,0.9998370409011841,0.011490730568766594,0,0.07904303818941116,-0.012556269764900208,0.9967920184135437,0,0,0.10225199908018112,-0.00911100022494793,1,0.9861839413642883,-0.005809192545711994,-0.16555140912532806,0,0.03895580768585205,0.9794909954071045,0.19768808782100677,0,0.1610076129436493,-0.20140589773654938,0.9661840796470642,0,0,0.11976700276136398,0,1,0.9861839413642883,-0.005809192545711994,-0.16555140912532806,0,0.03895580768585205,0.9794909954071045,0.19768808782100677,0,0.1610076129436493,-0.20140589773654938,0.9661840796470642,0,0,0.13687600195407867,0,1,0.9997439980506897,0.0032169390469789505,0.02239113301038742,0,-0.003524060593917966,0.9998999834060669,0.013690292835235596,0,-0.022344868630170822,-0.01376570574939251,0.9996560215950012,0,0,0.15398600697517395,0,1,0.9370600581169128,-0.04476407542824745,-0.34628698229789734,0,0.006216925568878651,0.9937299489974976,-0.11163506656885147,0,0.3491130471229553,0.10245592147111893,0.9314630031585693,0,0,0.06176400184631348,0.01181199960410595,1,-0.008737245574593544,0.026876432821154594,-0.9996010661125183,0,0.9069051742553711,-0.4208957254886627,-0.019243696704506874,0,-0.42124447226524353,-0.9067103266716003,-0.020696889609098434,0,0.056710001081228256,0.13860000669956207,-0.00043700000969693065,1,0.9760809540748596,-0.04010007530450821,0.21367523074150085,0,-0.12827207148075104,0.6873161792755127,0.7149418592453003,0,-0.1755317598581314,-0.7252501249313354,0.6657329201698303,0,0,0.10702899843454361,0,1,0.6657028198242188,0.7407321333885193,-0.09030790627002716,0,-0.7364757657051086,0.6716742515563965,0.08035502582788467,0,0.12017907947301865,0.013017027638852596,0.992667019367218,0,0,0.2701619863510132,0,1,0.9378800392150879,-0.10767510533332825,-0.32982781529426575,0,-0.0097391027957201,0.9420810341835022,-0.33524397015571594,0,0.34682217240333557,0.3176310956478119,0.8825109601020813,0,0,0.3300809860229492,0,1,0.8632720708847046,0.49245789647102356,-0.11066271364688873,0,-0.3529271185398102,0.7456769347190857,0.5651620626449585,0,0.3608372211456299,-0.44883283972740173,0.8175239562988281,0,-0.03061399981379509,0.04042400047183037,0.019236000254750252,1,0.9995369911193848,-0.030423080548644066,0.000348875968484208,0,0.030424917116761208,0.9994289875030518,-0.014678088948130608,0,0.00009787594899535179,0.01468190923333168,0.999891996383667,0,-0.000981000019237399,0.043375998735427856,0,1,0.9876499176025391,0.15662924945354462,0.003949187230318785,0,-0.15662871301174164,0.9876570105552673,-0.0004173552442807704,0,-0.003965812269598246,-0.00020635522378142923,0.9999920129776001,0,-0.0018609999679028988,0.0364530012011528,0,1,0.9766630530357361,0.21420776844024658,0.015637269243597984,0,-0.21476127207279205,0.9748978614807129,0.05875140801072121,0,-0.002659731777384877,-0.06073859706521034,0.9981500506401062,0,-0.030609000474214554,0.11204099655151367,-0.0009340000106021762,1,0.9999359846115112,-0.011299224570393562,-0.00017187297635246068,0,0.010886774398386478,0.9591349959373474,0.2827380895614624,0,-0.0030298728961497545,-0.28272196650505066,0.9591969847679138,0,-0.000022000000171829015,0.028175000101327896,0,1,0.9999909400939941,0.004237000364810228,0.00034199681249447167,0,-0.004236999899148941,0.9999909996986389,-0.0000022245301352086244,0,-0.0003420031862333417,0,0.9999999403953552,0,-0.00003099999958067201,0.026510000228881836,0,1,0.9968379139900208,-0.07408231496810913,-0.028743918985128403,0,0.07885468751192093,0.966899037361145,0.2426677942276001,0,0.009815081022679806,-0.24416720867156982,0.9696840047836304,0,-0.010240999981760979,0.10865700244903564,-0.0005099999834783375,1,0.9995269179344177,0.029598020017147064,0.008402052335441113,0,-0.030597979202866554,0.9276140928268433,0.3722856640815735,0,0.003225053660571575,-0.3723662793636322,0.9280799031257629,0,-0.000012999999853491317,0.03453100100159645,0,1,1,0,0,0,0,1,0,0,0,0,1,0,-0.000014999999621068127,0.03258100152015686,0,1,0.9859249591827393,-0.16259032487869263,-0.038941241800785065,0,0.1596376895904541,0.8462970852851868,0.5082289576530457,0,-0.04967724531888962,-0.5072920918464661,0.86034095287323,0,0.011242999695241451,0.10218100249767303,-0.00019299999985378236,1,0.9986590147018433,0.050613224506378174,0.010845866054296494,0,-0.0486757755279541,0.8469921946525574,0.5293717384338379,0,0.017606865614652634,-0.5291903018951416,0.8483209013938904,0,-0.000009000000318337698,0.03024899959564209,0,1,1,0,0,0,0,1,0,0,0,0,1,0,-0.000018000000636675395,0.028824999928474426,0,1,0.9729171395301819,-0.2206697016954422,-0.06883592158555984,0,0.22136728465557098,0.8036999106407166,0.5523248314857483,0,-0.06655790656805038,-0.5526040196418762,0.8307819962501526,0,0.029608000069856644,0.08625400066375732,-0.000155999994603917,1,0.9939549565315247,0.10877922177314758,0.014869061298668385,0,-0.09362877905368805,0.7690997123718262,0.6322333812713623,0,0.057338062673807144,-0.6298036575317383,0.774635374546051,0,0.000009000000318337698,0.027792999520897865,0,1,1,0,0,0,0,1,0,0,0,0,1,0,-0.0000019999999949504854,0.02202400006353855,0,1,0.10559575259685516,-0.03497302159667015,0.9937940835952759,0,-0.8831990361213684,-0.4625389575958252,0.07756705582141876,0,0.4569559395313263,-0.8859090805053711,-0.0797303318977356,0,-0.056710001081228256,0.13876500725746155,-0.0022899999748915434,1,0.8953680396080017,0.43798884749412537,-0.08050913363695145,0,-0.2749001383781433,0.6858330368995667,0.6738418340682983,0,0.35035088658332825,-0.5812041759490967,0.73447585105896,0,0,0.10702899843454361,0,1,0.7477779388427734,-0.6548750996589661,-0.10939810425043106,0,0.6639490127563477,0.7374680638313293,0.12374069541692734,0,-0.00035709020448848605,-0.16516530513763428,0.9862659573554993,0,0,0.26994800567626953,0,1,0.968654990196228,-0.12266205996274948,0.21601270139217377,0,0.07306891679763794,0.9718050360679626,0.2241767793893814,0,-0.23742027580738068,-0.20136620104312897,0.9503068923950195,0,0,0.3300899863243103,0,1,0.8463559150695801,-0.518078088760376,-0.12360065430402756,0,0.5232539176940918,0.7654529809951782,0.37455013394355774,0,-0.09943565726280212,-0.3816768527030945,0.9189311265945435,0,0.029124999418854713,0.037999000400304794,0.01734899915754795,1,0.9097830057144165,0.41508394479751587,-0.00021178809402044863,0,-0.4150310754776001,0.9096750020980835,0.015521079301834106,0,0.0066352118737995625,-0.014032921753823757,0.9998800158500671,0,-0.0003129999968223274,0.04073699936270714,0,1,0.9941800236701965,-0.10773399472236633,-0.000002945976120827254,0,0.10773399472236633,0.9941800236701965,-0.0000011620727491390426,0,0.000003054023636650527,0,1,0,0.001986999996006489,0.038109999150037766,0,1,0.9969130158424377,-0.0762469619512558,-0.018712986260652542,0,0.07745201140642166,0.9941310286521912,0.07553289085626602,0,0.012844011187553406,-0.07674910128116608,0.9969679713249207,0,0.03143100067973137,0.10968700051307678,0.0001230000052601099,1,0.9997259974479675,0.023253578692674637,0.0025701660197228193,0,-0.02299341931939125,0.9563380479812622,0.2913578152656555,0,0.004317166283726692,-0.29133716225624084,0.956610918045044,0,-0.00004999999873689376,0.027816999703645706,0,1,1,0,0,0,0,1,0,0,0,0,1,0,0,0.026430999860167503,0,1,0.998996913433075,-0.04260876029729843,-0.013769930228590965,0,0.044584233313798904,0.9750819206237793,0.217320054769516,0,0.004167068284004927,-0.21771588921546936,0.9760029911994934,0,0.010162999853491783,0.1083270013332367,-0.0003819999983534217,1,0.9994840025901794,-0.030130667611956596,-0.011112996377050877,0,0.031594328582286835,0.8604968786239624,0.5084750652313232,0,-0.005757995881140232,-0.5085638761520386,0.8610050082206726,0,0.00001700000029813964,0.03412900120019913,0,1,0.9999949932098389,-0.0033000002149492502,-0.0002029984025284648,0,0.0032999999821186066,0.9999950528144836,-0.0000013349510936677689,0,0.00020300160394981503,0,1,0,0.00003400000059627928,0.03235099837183952,0,1,0.9985970258712769,0.037466708570718765,0.037407223135232925,0,-0.04848529025912285,0.9309589862823486,0.36188989877700806,0,-0.021265776827931404,-0.3631960451602936,0.9314699172973633,0,-0.011905999854207039,0.10441400110721588,-0.000805000017862767,1,0.9979239702224731,-0.062348660081624985,-0.01612774282693863,0,0.059318333864212036,0.7923708558082581,0.6071481108665466,0,-0.025075742974877357,-0.606844961643219,0.7944250702857971,0,0.00002300000051036477,0.03040199913084507,0,1,1,0,0,0,0,1,0,0,0,0,1,0,0.000019999999494757503,0.027878999710083008,0,1,0.9947619438171387,0.08102835714817047,0.06231994181871414,0,-0.09922163188457489,0.9119969606399536,0.39801526069641113,0,-0.02458505891263485,-0.4021137058734894,0.9152591824531555,0,-0.029687000438570976,0.08670300245285034,0.00031800000579096377,1,0.9900180697441101,-0.13856278359889984,-0.025780146941542625,0,0.1215212345123291,0.7465539574623108,0.6541319489479065,0,-0.07139215618371964,-0.6507359743118286,0.7559410333633423,0,-0.00002099999983329326,0.027261000126600266,0,1,1,0,0,0,0,1,0,0,0,0,1,0,0.000009000000318337698,0.022384999319911003,0,1,-0.9670729041099548,-0.1647537648677826,0.19397646188735962,0,0.22868622839450836,-0.8970157504081726,0.37823936343193054,0,0.11168353259563446,0.4101446568965912,0.9051561951637268,0,0.09178300201892853,-0.0566909983754158,-0.009064000099897385,1,0.9684439897537231,-0.1412028819322586,-0.20537112653255463,0,-0.0034768718760460615,0.8162879347801208,-0.5776339769363403,0,0.2492058426141739,0.5601208209991455,0.7900391221046448,0,0,0.5176290273666382,0,1,0.9950010180473328,-0.08531292527914047,-0.05190761759877205,0,0.083232082426548,0.421237975358963,0.9031230807304382,0,-0.05518261715769768,-0.9029290080070496,0.42623308300971985,0,0,0.5081629753112793,0,1,0.9990839958190918,-0.03749918192625046,0.020601911470294,0,0.019485818222165108,0.8274661302566528,0.5611777901649475,0,-0.03809108957648277,-0.5602622628211975,0.8274388313293457,0,0,0.15687300264835358,0,1,-0.9400641322135925,0.2286139726638794,-0.2530118227005005,0,-0.24092504382133484,-0.9703699946403503,0.018358206376433372,0,-0.24131818115711212,0.07821478694677353,0.9672889113426208,0,-0.09178300201892853,-0.0566909983754158,-0.011859999969601631,1,0.9871559739112854,-0.09444393962621689,-0.128851979970932,0,0.0033730631694197655,0.8186880946159363,-0.5742278695106506,0,0.15972201526165009,0.5664181709289551,0.8084918856620789,0,0,0.5173709988594055,0,1,0.9692381024360657,0.23143160343170166,0.08376669138669968,0,-0.12474740296602249,0.16853998601436615,0.9777688980102539,0,0.21216870844364166,-0.9581410884857178,0.19222596287727356,0,0,0.5081149935722351,0,1,0.9971789717674255,-0.0014238072326406837,-0.07504711300134659,0,0.04342219606041908,0.8264811635017395,0.5612867474555969,0,0.06122588738799095,-0.5629622936248779,0.824211835861206,0,0,0.1542389988899231,0,1
K0.033,0.7311847805976868,0.0018129238160327077,0.6821771860122681,0,0.05180191993713379,0.9969620108604431,-0.05817285552620888,0,-0.6802098155021667,0.07787315547466278,0.7288691401481628,0,-0.005171998403966427,1.0974080562591553,-0.004036000929772854,1,0.9967740178108215,-0.012964029796421528,-0.07921010255813599,0,0.013912971131503582,0.9998379945755005,0.011439933441579342,0,0.07904889434576035,-0.012505064718425274,0.9967920184135437,0,0,0.10225199908018112,-0.00911100022494793,1,0.9861840009689331,-0.005795975681394339,-0.16554999351501465,0,0.03892602398991585,0.9795119762420654,0.19758982956409454,0,0.16101302206516266,-0.20130416750907898,0.9662049412727356,0,0,0.11976700276136398,0,1,0.9861840009689331,-0.005795975681394339,-0.16554999351501465,0,0.03892602398991585,0.9795119762420654,0.19758982956409454,0,0.16101302206516266,-0.20130416750907898,0.9662049412727356,0,0,0.13687600195407867,0,1,0.9997450113296509,0.0031401049345731735,0.02238418161869049,0,-0.0034608901478350163,0.999891996383667,0.014306607656180859,0,-0.022336818277835846,-0.01438041590154171,0.9996470212936401,0,0,0.15398600697517395,0,1,0.9372029304504395,-0.044468965381383896,-0.34593918919563293,0,0.006171026267111301,0.993798017501831,-0.11103010922670364,0,0.34873083233833313,0.10192286223173141,0.9316640496253967,0,0,0.06176400184631348,0.01181199960410595,1,-0.008366979658603668,0.02694893628358841,-0.9996020197868347,0,0.9069129228591919,-0.42089205980300903,-0.018938256427645683,0,-0.42123475670814514,-0.906710147857666,-0.02091873064637184,0,0.056710001081228256,0.13860000669956207,-0.00043700000969693065,1,0.9761019945144653,-0.039871696382761,0.21362507343292236,0,-0.12834270298480988,0.6875072121620178,0.7147458791732788,0,-0.17536690831184387,-0.7250820994377136,0.665959894657135,0,0,0.10702899843454361,0,1,0.6655302047729492,0.7408967614173889,-0.09023705869913101,0,-0.736639142036438,0.6714938282966614,0.08036667853593826,0,0.12013692408800125,0.01298568770289421,0.9926720261573792,0,0,0.2701619863510132,0,1,0.9379799962043762,-0.10765013843774796,-0.32955196499824524,0,-0.009554130025207996,0.9421830177307129,-0.3349629342556,0,0.34655696153640747,0.3173370361328125,0.8827200531959534,0,0,0.3300809860229492,0,1,0.8636519908905029,0.4914500117301941,-0.11216996610164642,0,-0.35087794065475464,0.7458500266075134,0.5662080645561218,0,0.3619250953197479,-0.4496488869190216,0.8165940642356873,0,-0.03061399981379509,0.04042400047183037,0.019236000254750252,1,0.9995369911193848,-0.030423089861869812,0.0003478761063888669,0,0.03042491152882576,0.9994289875030518,-0.014678101986646652,0,0.00009887578926282004,0.014681892469525337,0.999891996383667,0,-0.000981000019237399,0.043375998735427856,0,1,0.9876499772071838,0.1566297709941864,0.003949726931750774,0,-0.15662921965122223,0.9876569509506226,-0.00041689566569402814,0,-0.003966272808611393,-0.00020689562370534986,0.9999920129776001,0,-0.0018609999679028988,0.0364530012011528,0,1,0.9766650199890137,0.2141980081796646,0.01563502848148346,0,-0.21475498378276825,0.9748150110244751,0.0601373091340065,0,-0.0023599702399224043,-0.06209171935915947,0.9980680346488953,0,-0.030609000474214554,0.11204099655151367,-0.0009340000106021762,1,0.9999359846115112,-0.01129926647990942,-0.00017222327005583793,0,0.01088673248887062,0.9591180682182312,0.28279754519462585,0,-0.00303022307343781,-0.28278136253356934,0.9591798782348633,0,-0.000022000000171829015,0.028175000101327896,0,1,0.9999909400939941,0.004237000364810228,0.00034199681249447167,0,-0.004236999899148941,0.9999909996986389,-0.0000022245301352086244,0,-0.0003420031862333417,0,0.9999999403953552,0,-0.00003099999958067201,0.026510000228881836,0,1,0.9968569874763489,-0.07384895533323288,-0.028688041493296623,0,0.07862100750207901,0.9667629599571228,0.24328811466693878,0,0.009767956100404263,-0.2447788119316101,0.9695299863815308,0,-0.010240999981760979,0.10865700244903564,-0.0005099999834783375,1,0.9995260238647461,0.029611289501190186,0.008407210931181908,0,-0.030611706897616386,0.9275528788566589,0.3724372088909149,0,0.0032302108593285084,-0.37251776456832886,0.9280190467834473,0,-0.000012999999853491317,0.03453100100159645,0,1,1,0,0,0,0,1,0,0,0,0,1,0,-0.000014999999621068127,0.03258100152015686,0,1,0.9859640598297119,-0.1623736321926117,-0.038863833993673325,0,0.15939538180828094,0.8461649417877197,0.5085248947143555,0,-0.04968583583831787,-0.5075821280479431,0.8601700067520142,0,0.011242999695241451,0.10218100249767303,-0.00019299999985378236,1,0.9986580014228821,0.050632186233997345,0.010857924818992615,0,-0.048693813383579254,0.846858024597168,0.5295849442481995,0,0.017618924379348755,-0.5294029712677002,0.8481870293617249,0,-0.000009000000318337698,0.03024899959564209,0,1,1,0,0,0,0,1,0,0,0,0,1,0,-0.000018000000636675395,0.028824999928474426,0,1,0.9729469418525696,-0.2205531746149063,-0.06877713650465012,0,0.22119379043579102,0.8033610582351685,0.5528870224952698,0,-0.06668814271688461,-0.5531429648399353,0.8304130434989929,0,0.029608000069856644,0.08625400066375732,-0.000155999994603917,1,0.9939510822296143,0.10881103575229645,0.014896685257554054,0,-0.09365198016166687,0.7688881158828735,0.6324868202209473,0,0.05736768618226051,-0.6300563216209412,0.7744278311729431,0,0.000009000000318337698,0.027792999520897865,0,1,1,0,0,0,0,1,0,0,0,0,1,0,-0.0000019999999949504854,0.02202400006353855,0,1,0.10529710352420807,-0.03496606647968292,0.9938260912895203,0,-0.8835549354553223,-0.46189433336257935,0.07736283540725708,0,0.45633700489997864,-0.88624507188797,-0.07953058183193207,0,-0.056710001081228256,0.13876500725746155,-0.0022899999748915434,1,0.8956231474876404,0.43750277161598206,-0.08031481504440308,0,-0.27457624673843384,0.6858198046684265,0.6739881634712219,0,0.34995320439338684,-0.5815868973731995,0.7343639731407166,0,0,0.10702899843454361,0,1,0.747696042060852,-0.6550539135932922,-0.10888182371854782,0,0.6640400290489197,0.7372649312019348,0.12446395307779312,0,-0.0012558517046272755,-0.16536307334899902,0.9862319827079773,0,0,0.26994800567626953,0,1,0.9687888622283936,-0.12225712835788727,0.21564234793186188,0,0.07292085140943527,0.9719820022583008,0.22345709800720215,0,-0.23691962659358978,-0.20075786113739014,0.9505600929260254,0,0,0.3300899863243103,0,1,0.8473210334777832,-0.5162708759307861,-0.12454396486282349,0,0.5221531987190247,0.7670271396636963,0.37286150455474854,0,-0.09696894884109497,-0.3809644877910614,0.9194908142089844,0,0.029124999418854713,0.037999000400304794,0.01734899915754795,1,0.9098330140113831,0.41497501730918884,0.0005508378962986171,0,-0.4149249792098999,0.9097009897232056,0.016803286969661713,0,0.006471843924373388,-0.0155167356133461,0.9998590350151062,0,-0.0003129999968223274,0.04073699936270714,0,1,0.9941800236701965,-0.10773399472236633,-0.00000297298811346991,0,0.10773399472236633,0.9941800236701965,0,0,0.000003027011644007871,0,1,0,0.001986999996006489,0.038109999150037766,0,1,0.9968879222869873,-0.07656332850456238,-0.0187532901763916,0,0.07775267213582993,0.9942120313644409,0.07414829730987549,0,0.012967707589268684,-0.07537566125392914,0.9970710277557373,0,0.03143100067973137,0.10968700051307678,0.0001230000052601099,1,0.9997269511222839,0.023230934515595436,0.0025619894731789827,0,-0.022972064092755318,0.9565208554267883,0.29075828194618225,0,0.004303989466279745,-0.29073768854141235,0.9567931294441223,0,-0.00004999999873689376,0.027816999703645706,0,1,1,0,0,0,0,1,0,0,0,0,1,0,0,0.026430999860167503,0,1,0.999006986618042,-0.04237918555736542,-0.013718189671635628,0,0.04435180127620697,0.974941074848175,0.21799896657466888,0,0.004135809373110533,-0.2183910310268402,0.9758530855178833,0,0.010162999853491783,0.1083270013332367,-0.0003819999983534217,1,0.9994860291481018,-0.03008108399808407,-0.011082752607762814,0,0.031541913747787476,0.8609991073608398,0.5076279044151306,0,-0.005727752111852169,-0.507716178894043,0.861504852771759,0,0.00001700000029813964,0.03412900120019913,0,1,0.9999949932098389,-0.0033000002149492502,-0.0002029984025284648,0,0.0032999999821186066,0.9999950528144836,-0.0000013349459777600714,0,0.00020300160394981503,0,1,0,0.00003400000059627928,0.03235099837183952,0,1,0.9985889792442322,0.03763538971543312,0.037458986043930054,0,-0.048661619424819946,0.9309460520744324,0.36190086603164673,0,-0.021252017468214035,-0.36321309208869934,0.9314639568328857,0,-0.011905999854207039,0.10441400110721588,-0.000805000017862767,1,0.9979289770126343,-0.06228383257985115,-0.016077151522040367,0,0.0592561736702919,0.7928609251976013,0.6065150499343872,0,-0.025029152631759644,-0.6062119603157043,0.7949100732803345,0,0.00002300000051036477,0.03040199913084507,0,1,1,0,0,0,0,1,0,0,0,0,1,0,0.000019999999494757503,0.027878999710083008,0,1,0.9947659373283386,0.08099135011434555,0.0623028539121151,0,-0.09918665885925293,0.9119071364402771,0.39823099970817566,0,-0.024561142548918724,-0.4023260474205017,0.9151669144630432,0,-0.029687000438570976,0.08670300245285034,0.00031800000579096377,1,0.9900100827217102,-0.1386098861694336,-0.025822021067142487,0,0.12155810743570328,0.7463080286979675,0.6544060707092285,0,-0.07143602520227432,-0.651007890701294,0.7557020783424377,0,-0.00002099999983329326,0.027261000126600266,0,1,1,0,0,0,0,1,0,0,0,0,1,0,0.000009000000318337698,0.022384999319911003,0,1,-0.9670630097389221,-0.16480094194412231,0.19398313760757446,0,0.22865504026412964,-0.8972899913787842,0.37760812044143677,0,0.11182888597249985,0.40952587127685547,0.9054180383682251,0,0.09178300201892853,-0.0566909983754158,-0.009064000099897385,1,0.9684970378875732,-0.1408119648694992,-0.20539280772209167,0,-0.0036109688226133585,0.8167550563812256,-0.5769729614257812,0,0.2490001916885376,0.5595380067825317,0.7905159592628479,0,0,0.5176290273666382,0,1,0.9949789643287659,-0.08555616438388824,-0.051942128688097,0,0.08339183777570724,0.42163336277008057,0.9029239416122437,0,-0.055350128561258316,-0.902721107006073,0.4266507029533386,0,0,0.5081629753112793,0,1,0.9990929961204529,-0.03737436234951019,0.02042306400835514,0,0.019492635503411293,0.8276128172874451,0.5609611868858337,0,-0.03786792606115341,-0.5600538849830627,0.8275901079177856,0,0,0.15687300264835358,0,1,-0.9400460124015808,0.22876203060150146,-0.2529461681842804,0,-0.24101899564266205,-0.9703510403633118,0.01814400404691696,0,-0.24129579961299896,0.07802098244428635,0.9673100113868713,0,-0.09178300201892853,-0.0566909983754158,-0.011859999969601631,1,0.987216055393219,-0.09409675747156143,-0.12864886224269867,0,0.003265250939875841,0.8189100027084351,-0.5739130973815918,0,0.15935514867305756,0.5661559104919434,0.8087480664253235,0,0,0.5173709988594055,0,1,0.9693050384521484,0.2311556488275528,0.08375606685876846,0,-0.12476836144924164,0.16893570125102997,0.9776980876922607,0,0.2118510603904724,-0.9581379294395447,0.19259117543697357,0,0,0.5081149935722351,0,1,0.9971790313720703,-0.0014241451863199472,-0.07504775375127792,0,0.04342285171151161,0.8264820575714111,0.561286985874176,0,0.06122623383998871,-0.562961995601654,0.8242119550704956,0,0,0.1542389988899231,0,1
