1.933,30,58,65
B0,mixamorig_Hips,-1,0.7312729358673096,0.0014196509728208184,0.6820830702781677,0,0.051879726350307465,0.9969850182533264,-0.05769622325897217,0,-0.6801090240478516,0.07757802307605743,0.728995144367218,0,-0.7086349725723267,111.69194793701172,-0.1969739943742752,1
B1,mixamorig_Spine,0,0.9967569708824158,-0.012552759610116482,-0.0794871374964714,0,0.012910228222608566,0.999908983707428,0.003984852693974972,0,0.07942986488342285,-0.004998126067221165,0.996828019618988,0,0,9.820884704589844,-0.9499559998512268,1
B2,mixamorig_Spine1,1,0.9861840605735779,-0.004558029118925333,-0.1655905842781067,0,0.03773810341954231,0.9795179963111877,0.1977892965078354,0,0.16129742562770844,-0.20130571722984314,0.9661570191383362,0,0,11.511178970336914,0,1
B3,mixamorig_Spine2,2,0.9861840009689331,-0.004558032378554344,-0.1655900776386261,0,0.037737924605607986,0.9795181155204773,0.19778881967067719,0,0.16129693388938904,-0.20130516588687897,0.9661569595336914,0,0,13.155628204345703,0,1
B4,mixamorig_Neck,3,0.9997439980506897,0.0030473105143755674,0.02241496928036213,0,-0.0035236943513154984,0.9997679591178894,0.02124422788619995,0,-0.022345036268234253,-0.021317778155207634,0.9995229840278625,0,0,14.800093650817871,0.0000019999999949504854,1
B5,mixamorig_Head,4,0.9370600581169128,-0.04476405680179596,-0.34628695249557495,0,0.00621691532433033,0.9937299489974976,-0.11163504421710968,0,0.34911301732063293,0.10245591402053833,0.9314630627632141,0,0,6.338486194610596,1.260532021522522,1
B6,mixamorig_HeadTop_End,5,1,0,0,0,0,1,0,0,0,0,1,0,0,25.12615966796875,4.996828079223633,1
B7,mixamorig_LeftShoulder,3,-0.013759225606918335,0.0264922883361578,-0.9995539784431458,0,0.9285769462585449,-0.3704521358013153,-0.02260071411728859,0,-0.37088578939437866,-0.9284740686416626,-0.01950298435986042,0,5.79774284362793,13.22692584991455,-0.08096300065517426,1
B8,mixamorig_LeftArm,7,0.9760400056838989,-0.05894618108868599,0.20945297181606293,0,-0.12244213372468948,0.646943986415863,0.7526429295539856,0,-0.1798698753118515,-0.7602559328079224,0.6242260336875916,0,0,13.021071434020996,0,1
B9,mixamorig_LeftForeArm,8,0.6662403345108032,0.7408386468887329,-0.08533113449811935,0,-0.7354863882064819,0.6716736555099487,0.0889606848359108,0,0.12322021275758743,0.0034906892105937004,0.992372989654541,0,0,26.477821350097656,0,1
B10,mixamorig_LeftHand,9,0.9360179305076599,-0.10105377435684204,-0.33713215589523315,0,-0.019012704491615295,0.941976010799408,-0.3351399898529053,0,0.35143789649009705,0.3201071321964264,0.8797860145568848,0,0,30.701234817504883,0,1
B11,mixamorig_LeftHandThumb1,10,0.8597792387008667,0.5004187226295471,-0.10178913176059723,0,-0.3613814413547516,0.7370609641075134,0.5710906982421875,0,0.3608092665672302,-0.4542272388935089,0.8145517706871033,0,-2.918853998184204,4.035161018371582,1.7595349550247192,1
B12,mixamorig_LeftHandThumb2,11,0.9983099699020386,-0.0581042505800724,0.0013466421514749527,0,0.05811775475740433,0.9982030391693115,-0.014626745134592056,0,-0.0004943457897752523,0.014680275693535805,0.999891996383667,0,-0.019144000485539436,4.225456237792969,0,1
B13,mixamorig_LeftHandThumb3,12,0.9892059564590454,0.14651700854301453,0.0019211837789043784,0,-0.14651697874069214,0.9892079830169678,-0.0001661540736677125,0,-0.0019247953314334154,-0.00011712548439390957,0.9999979734420776,0,-0.2364709973335266,3.8546180725097656,0,1
B14,mixamorig_LeftHandThumb4,13,1,0,0,0,0,1,0,0,0,0,1,0,0.2556140124797821,2.9728050231933594,0,1
B15,mixamorig_LeftHandIndex1,10,0.9774520397186279,0.21058259904384613,0.01554801594465971,0,-0.21114538609981537,0.9754839539527893,0.06203692406415939,0,-0.002102944767102599,-0.06392105668783188,0.9979529976844788,0,-3.0874218940734863,11.388293266296387,-0.02024799957871437,1
B16,mixamorig_LeftHandIndex2,15,0.9999039769172668,-0.01386480126529932,-0.0002929869806393981,0,0.013382192701101303,0.9591259360313416,0.2826620042324066,0,-0.0036380430683493614,-0.2826389670372009,0.9592199921607971,0,0.0036849998869001865,2.7538280487060547,0,1
B17,mixamorig_LeftHandIndex3,16,0.9999960064888,-0.002896999241784215,0.00011099976109107956,0,0.002896999241784215,0.9999960660934448,1.607834150263443e-7,0,-0.0001109997319872491,1.6078335818292544e-7,1,0,0.0015640000347048044,2.6196908950805664,0,1
B18,mixamorig_LeftHandIndex4,17,1,0,0,0,0,1,0,0,0,0,1,0,-0.005249000154435635,2.27462100982666,0,1
B19,mixamorig_LeftHandMiddle1,10,0.9962900280952454,-0.08010631054639816,-0.03144720941781998,0,0.08537165820598602,0.966049075126648,0.24384695291519165,0,0.010845868848264217,-0.2456270158290863,0.9693039655685425,0,-1.0070630311965942,11.289299964904785,-0.023753000423312187,1
B20,mixamorig_LeftHandMiddle2,19,0.9995920658111572,0.02747785858809948,0.007806794252246618,0,-0.02840820886194706,0.927623987197876,0.3724319040775299,0,0.0029918637592345476,-0.37250202894210815,0.9280269742012024,0,-0.0010890000266954303,3.407547950744629,0,1
B21,mixamorig_LeftHandMiddle3,20,0.9999979734420776,0.0018599987961351871,0.000023999031327548437,0,-0.0018599987961351871,0.9999979734420776,-0.000001022318315335724,0,-0.00002400089942966588,9.776787237569806e-7,1,0,-0.002329000039026141,3.2374179363250732,0,1
B22,mixamorig_LeftHandMiddle4,21,1,0,0,0,0,1,0,0,0,0,1,0,0.0034179999493062496,2.958275079727173,0,1
B23,mixamorig_LeftHandRing1,10,0.9844858646392822,-0.1705373078584671,-0.041286248713731766,0,0.16762259602546692,0.8445311188697815,0.5085959434509277,0,-0.051867060363292694,-0.5076260566711426,0.8600149154663086,0,1.1078490018844604,10.550488471984863,-0.018208999186754227,1
B24,mixamorig_LeftHandRing2,23,0.9988409876823425,0.047178003937006,0.009516268037259579,0,-0.04505285248160362,0.8470089435577393,0.529666006565094,0,0.01692822389304638,-0.5294809937477112,0.8481530547142029,0,-0.0014130000490695238,3.030565023422241,0,1
B25,mixamorig_LeftHandRing3,24,0.9999980330467224,0.002211998915299773,0.000047999925300246105,0,-0.002211998915299773,0.9999980330467224,-5.308794470693101e-8,0,-0.00004799990347237326,-5.308789141622583e-8,1,0,-0.002265000017359853,2.8927578926086426,0,1
B26,mixamorig_LeftHandRing4,25,1,0,0,0,0,1,0,0,0,0,1,0,0.0036780000664293766,2.610948085784912,0,1
B27,mixamorig_LeftHandPinky1,10,0.9710199236869812,-0.2285671830177307,-0.06983941793441772,0,0.22844862937927246,0.801780104637146,0.552232027053833,0,-0.07022623717784882,-0.5521828532218933,0.8307600021362305,0,2.98663592338562,9.041373252868652,0.00228599994443357,1
B28,mixamorig_LeftHandPinky2,27,0.9945390820503235,0.10353114455938339,0.01317612174898386,0,-0.08845482021570206,0.7691659927368164,0.6328980922698975,0,0.055390000343322754,-0.6306069493293762,0.7741230130195618,0,0.0015930000226944685,2.750511884689331,0,1
B29,mixamorig_LeftHandPinky3,28,1,-0.0004929990973323584,0.00001800021345843561,0,0.0004929991555400193,1,-9.955610948964022e-7,0,-0.000017999718693317845,0.0000010044350347016007,1,0,-0.00027799999224953353,2.1825098991394043,0,1
B30,mixamorig_LeftHandPinky4,29,1,0,0,0,0,1,0,0,0,0,1,0,-0.0013150000013411045,2.062727928161621,0,1
B31,mixamorig_RightShoulder,3,0.11288505047559738,-0.030269354581832886,0.9931469559669495,0,-0.9051998853683472,-0.41529715061187744,0.09023107588291168,0,0.4097197949886322,-0.909182071685791,-0.07428059726953506,0,-5.79774284362793,13.24057388305664,-0.22205199301242828,1
B32,mixamorig_RightArm,31,0.8885380029678345,0.4556530714035034,-0.0536748431622982,0,-0.2882017493247986,0.6453379392623901,0.7074452042579651,0,0.35698798298835754,-0.6131227612495422,0.704727292060852,0,0,13.021072387695312,0,1
B33,mixamorig_RightForeArm,32,0.7484149932861328,-0.6537529230117798,-0.11172009259462357,0,0.6632299423217773,0.7374679446220398,0.1275450885295868,0,-0.0009929945226758718,-0.16955284774303436,0.9855210781097412,0,0,26.46080780029297,0,1
B34,mixamorig_RightHand,33,0.9666939377784729,-0.127964049577713,0.2216470092535019,0,0.07734894752502441,0.9716089963912964,0.22359098494052887,0,-0.2439659833908081,-0.19900000095367432,0.9491470456123352,0,0,30.701282501220703,0,1
B35,mixamorig_RightHandThumb1,34,0.8458111882209778,-0.5171306133270264,-0.1310691088438034,0,0.5251442193984985,0.7638057470321655,0.3752639591693878,0,-0.09394918382167816,-0.38623282313346863,0.9176040887832642,0,2.924315929412842,4.013197898864746,1.7694129943847656,1
B36,mixamorig_RightHandThumb2,35,0.9061899781227112,0.42287003993988037,-0.0004170330357737839,0,-0.422821968793869,0.9061009883880615,0.01422908715903759,0,0.006394932512193918,-0.01271793432533741,0.9998990297317505,0,-0.06026700139045715,4.216738224029541,0,1
B37,mixamorig_RightHandThumb3,36,0.9947479963302612,-0.10235799849033356,0.000005038048584538046,0,0.10235799849033356,0.9947479963302612,-2.4147900035131897e-7,0,-0.000004986868134437827,7.558948595942638e-7,1,0,0.20784799754619598,3.8415091037750244,0,1
B38,mixamorig_RightHandThumb4,37,1,0,0,0,0,1,0,0,0,0,1,0,-0.14758099615573883,3.0411438941955566,0,1
B39,mixamorig_RightHandIndex1,34,0.9974600672721863,-0.06882290542125702,-0.018366366624832153,0,0.07005305588245392,0.9944949746131897,0.0779191330075264,0,0.012902635149657726,-0.0790078267455101,0.9967899918556213,0,3.137795925140381,11.326141357421875,0.020493000745773315,1
B40,mixamorig_RightHandIndex2,39,0.9997769594192505,0.020979419350624084,0.002469812287017703,0,-0.02078865095973015,0.9563840627670288,0.29137080907821655,0,0.003750701667740941,-0.291357159614563,0.956606924533844,0,-0.004220000002533197,2.773930072784424,0,1
B41,mixamorig_RightHandIndex3,40,0.9999979734420776,0.001827998785302043,-0.000070999885792844,0,-0.001827998785302043,0.9999979734420776,6.489391779496145e-8,0,0.00007099990762071684,6.489396753295296e-8,1,0,-0.00003300000025774352,2.643014907836914,0,1
B42,mixamorig_RightHandIndex4,41,1,0,0,0,0,1,0,0,0,0,1,0,0.004253000020980835,2.3517539501190186,0,1
B43,mixamorig_RightHandMiddle1,34,0.9992280006408691,-0.03711092099547386,-0.012862996198236942,0,0.039031073451042175,0.9748011231422424,0.2196357697248459,0,0.004387976136058569,-0.21996824443340302,0.9754969477653503,0,1.007557988166809,11.352453231811523,-0.015196000225841999,1
B44,mixamorig_RightHandMiddle2,43,0.9994819164276123,-0.030308064073324203,-0.010801304131746292,0,0.03158878907561302,0.8605160713195801,0.5084429979324341,0,-0.006115228869020939,-0.5085209608078003,0.8610280156135559,0,0.0013160000089555979,3.357426881790161,0,1
B45,mixamorig_RightHandMiddle3,44,0.9999970197677612,-0.002526999684050679,-0.000032999945688061416,0,0.002526999684050679,0.9999970197677612,-4.1695486174830876e-8,0,0.0000329999384121038,-4.1695461305835124e-8,1,0,0.003200999926775694,3.1707069873809814,0,1
B46,mixamorig_RightHandMiddle4,45,1,0,0,0,0,1,0,0,0,0,1,0,-0.004517000168561935,2.9642269611358643,0,1
B47,mixamorig_RightHandRing1,34,0.9983379244804382,0.04293994978070259,0.0384480245411396,0,-0.05401403829455376,0.9297908544540405,0.36410436034202576,0,-0.020113982260227203,-0.3655756711959839,0.9305641055107117,0,-1.1902559995651245,10.756607055664062,-0.07381799817085266,1
B48,mixamorig_RightHandRing2,47,0.9978710412979126,-0.06322269141674042,-0.015990886837244034,0,0.05993130803108215,0.7923709154129028,0.6070889830589294,0,-0.025711089372634888,-0.6067548990249634,0.7944730520248413,0,0.0019990000873804092,3.04038405418396,0,1
B49,mixamorig_RightHandRing3,48,0.9999979138374329,-0.002027998911216855,-0.00004699992132373154,0,0.002027998911216855,0.9999979138374329,-4.7657948698542896e-8,0,0.00004699992132373154,-4.7657948698542896e-8,1,0,0.0017269999952986836,2.787921905517578,0,1
B50,mixamorig_RightHandRing4,49,1,0,0,0,0,1,0,0,0,0,1,0,-0.0037269999738782644,2.6090850830078125,0,1
B51,mixamorig_RightHandPinky1,34,0.9943730235099792,0.08499082177877426,0.06324199587106705,0,-0.10328416526317596,0.9105569124221802,0.4002722501754761,0,-0.02356596104800701,-0.4045517146587372,0.914211094379425,0,-2.9550979137420654,8.977566719055176,0.0468829981982708,1
B52,mixamorig_RightHandPinky2,51,0.9900119304656982,-0.13858824968338013,-0.02588670700788498,0,0.12162599712610245,0.7466892600059509,0.653958797454834,0,-0.07130163908004761,-0.6505752205848694,0.7560867667198181,0,-0.0018729999428614974,2.724669933319092,0,1
B53,mixamorig_RightHandPinky3,52,1,0.0001899989292724058,-0.000007999859917617869,0,-0.0001899989292724058,1,0.0000010007543096435256,0,0.000008000049092515837,-9.992343166231876e-7,1,0,0.0007880000048317015,2.2371718883514404,0,1
B54,mixamorig_RightHandPinky4,53,1,0,0,0,0,1,0,0,0,0,1,0,0.0010860000038519502,2.0086679458618164,0,1
B55,mixamorig_LeftUpLeg,0,-0.9680760502815247,-0.16036085784435272,0.19265006482601166,0,0.22416114807128906,-0.8977940082550049,0.37910196185112,0,0.11216689646244049,0.41018396615982056,0.9050790071487427,0,9.6583890914917,-5.452521800994873,-1.3622020483016968,1
B56,mixamorig_LeftLeg,55,0.9691479206085205,-0.13191241025924683,-0.20821182429790497,0,-0.01390149537473917,0.8141388893127441,-0.5805031657218933,0,0.2460888773202896,0.565487802028656,0.7871870994567871,0,0,53.762638092041016,0,1
B57,mixamorig_LeftFoot,56,0.9945460557937622,-0.09126370400190353,-0.05049508437514305,0,0.08451703935861588,0.4214608073234558,0.9029000997543335,0,-0.06112028285861015,-0.9022429585456848,0.4268752634525299,0,0,51.249671936035156,0,1
B58,mixamorig_LeftToeBase,57,0.99919593334198,-0.03710724785923958,0.015198340639472008,0,0.022006986662745476,0.824298083782196,0.5657290816307068,0,-0.03352057561278343,-0.5649390816688538,0.8244510293006897,0,0,15.57994556427002,0,1
B59,mixamorig_LeftToe_End,58,1,0,0,0,0,1,0,0,0,0,1,0,0,5.715947151184082,0,1
B60,mixamorig_RightUpLeg,0,-0.9409959316253662,0.22477366030216217,-0.2529871463775635,0,-0.23544634878635406,-0.9718087911605835,0.012320957146584988,0,-0.24308587610721588,0.07115891575813293,0.9673910140991211,0,-9.6583890914917,-5.452521800994873,-1.298814058303833,1
B61,mixamorig_RightLeg,60,0.9867820143699646,-0.10374601185321808,-0.1244901716709137,0,0.01339804008603096,0.8178088068962097,-0.5753342509269714,0,0.1614978313446045,0.5660616755485535,0.8083891868591309,0,0,53.759918212890625,0,1
B62,mixamorig_RightFoot,61,0.9671510457992554,0.24024783074855804,0.0830608382821083,0,-0.12486322969198227,0.1643701046705246,0.9784639477729797,0,0.22142118215560913,-0.9566940665245056,0.18896891176700592,0,0,51.24431228637695,0,1
B63,mixamorig_RightToeBase,62,0.9975730180740356,-0.0015108990482985973,-0.06960469484329224,0,0.040632281452417374,0.8244707584381104,0.5644443035125732,0,0.056534215807914734,-0.5659026503562927,0.8225312232971191,0,0,15.362093925476074,-9.999999974752427e-7,1
B64,mixamorig_RightToe_End,63,1,0,0,0,0,1,0,0,0,0,1,0,0,5.704216003417969,0,1
@52,0,1,2,3,4,5,7,8,9,10,11,12,13,15,16,17,19,20,21,23,24,25,27,28,29,31,32,33,34,35,36,37,39,40,41,43,44,45,47,48,49,51,52,53,55,56,57,58,60,61,62,63
K0,0.7312729358673096,0.0014196420088410378,0.6820830702781677,0,0.0518796443939209,0.9969850182533264,-0.057696107774972916,0,-0.6801090240478516,0.07757788151502609,0.7289950847625732,0,-0.7086349725723267,111.69194793701172,-0.1969739943742752,1,0.9967569708824158,-0.012552764266729355,-0.0794871374964714,0,0.012910234741866589,0.999908983707428,0.0039848629385232925,0,0.07942986488342285,-0.0049981363117694855,0.996828019618988,0,0,9.820884704589844,-0.9499559998512268,1,0.9861840605735779,-0.004557962995022535,-0.1655905693769455,0,0.03773803636431694,0.9795179963111877,0.19778931140899658,0,0.16129741072654724,-0.20130573213100433,0.9661570191383362,0,0,11.511178970336914,0,1,0.9861840009689331,-0.004558053333312273,-0.1655900776386261,0,0.03773794695734978,0.9795180559158325,0.19778883457183838,0,0.16129693388938904,-0.20130518078804016,0.9661569595336914,0,0,13.155628204345703,0,1,0.9997439980506897,0.0030473079532384872,0.02241496741771698,0,-0.003523691790178418,0.9997679591178894,0.02124422788619995,0,-0.022345034405589104,-0.021317776292562485,0.9995229840278625,0,0,14.800093650817871,0.0000019999999949504854,1,0.9370600581169128,-0.04476407542824745,-0.34628698229789734,0,0.006216925568878651,0.9937299489974976,-0.11163506656885147,0,0.3491130471229553,0.10245592147111893,0.9314630031585693,0,0,6.338486194610596,1.260532021522522,1,-0.013759358786046505,0.026492279022932053,-0.9995539784431458,0,0.9285768270492554,-0.37045255303382874,-0.022600801661610603,0,-0.3708861768245697,-0.928473949432373,-0.019502978771924973,0,5.79774284362793,13.22692584991455,-0.08096300065517426,1,0.9760399460792542,-0.05894620344042778,0.2094530612230301,0,-0.12244220077991486,0.6469439268112183,0.7526429891586304,0,-0.17986993491649628,-0.7602559924125671,0.6242259740829468,0,0,13.021071434020996,0,1,0.6662403345108032,0.7408386468887329,-0.08533096313476562,0,-0.7354863882064819,0.6716736555099487,0.08896061033010483,0,0.1232200339436531,0.003490610746666789,0.992372989654541,0,0,26.477821350097656,0,1,0.9360179305076599,-0.10105372220277786,-0.33713212609291077,0,-0.019012724980711937,0.9419760704040527,-0.3351399004459381,0,0.35143786668777466,0.3201070725917816,0.8797860145568848,0,0,30.701234817504883,0,1,0.8597793579101562,0.5004185438156128,-0.1017889603972435,0,-0.3613814413547516,0.7370609641075134,0.5710906386375427,0,0.3608090281486511,-0.4542272984981537,0.814551830291748,0,-2.918853998184204,4.035161018371582,1.7595349550247192,1,0.9983099699020386,-0.058104246854782104,0.0013466478558257222,0,0.05811775475740433,0.9982030391693115,-0.014626734890043736,0,-0.0004943521344102919,0.014680265448987484,0.999891996383667,0,-0.019144000485539436,4.225456237792969,0,1,0.9892059564590454,0.14651700854301453,0.0019211953040212393,0,-0.14651697874069214,0.9892079830169678,-0.00016614054038655013,0,-0.0019248046446591616,-0.00011714054562617093,0.9999979734420776,0,-0.2364709973335266,3.8546180725097656,0,1,0.9774520397186279,0.21058261394500732,0.015548036433756351,0,-0.21114540100097656,0.9754839539527893,0.06203693151473999,0,-0.002102962927892804,-0.06392106413841248,0.9979529976844788,0,-3.0874218940734863,11.388293266296387,-0.02024799957871437,1,0.9999039769172668,-0.013864800333976746,-0.0002930157061200589,0,0.0133822001516819,0.9591259360313416,0.282662034034729,0,-0.0036380153615027666,-0.2826389968395233,0.9592199921607971,0,0.0036849998869001865,2.7538280487060547,0,1,0.9999960064888,-0.002896999940276146,0.00011100002302555367,0,0.002896999940276146,0.9999960660934448,0,0,-0.00011099999392172322,0,1,0,0.0015640000347048044,2.6196908950805664,0,1,0.9962900280952454,-0.08010634034872055,-0.03144717589020729,0,0.08537168055772781,0.966049075126648,0.24384696781635284,0,0.010845828801393509,-0.2456270307302475,0.9693039655685425,0,-1.0070630311965942,11.289299964904785,-0.023753000423312187,1,0.9995920658111572,0.027477819472551346,0.007806823123246431,0,-0.02840818278491497,0.927623987197876,0.3724319040775299,0,0.0029918227810412645,-0.37250205874443054,0.9280269742012024,0,-0.0010890000266954303,3.407547950744629,0,1,0.9999979734420776,0.0018599999602884054,0.000023999067707336508,0,-0.0018599999602884054,0.9999979734420776,-0.0000010223197932646144,0,-0.00002400093580945395,0,1,0,-0.002329000039026141,3.2374179363250732,0,1,0.9844858646392822,-0.17053736746311188,-0.0412861667573452,0,0.1676226109266281,0.8445311188697815,0.5085959434509277,0,-0.05186716467142105,-0.5076260566711426,0.8600149154663086,0,1.1078490018844604,10.550488471984863,-0.018208999186754227,1,0.9988409876823425,0.047178082168102264,0.00951626617461443,0,-0.045052915811538696,0.8470089435577393,0.529666006565094,0,0.01692826673388481,-0.5294809937477112,0.8481530547142029,0,-0.0014130000490695238,3.030565023422241,0,1,0.9999980330467224,0.002212000312283635,0.000048000012611737475,0,-0.002212000312283635,0.9999980330467224,0,0,-0.00004799999078386463,0,1,0,-0.002265000017359853,2.8927578926086426,0,1,0.9710199236869812,-0.22856730222702026,-0.06983937323093414,0,0.22844870388507843,0.8017800450325012,0.5522320866584778,0,-0.07022636383771896,-0.5521828532218933,0.8307600021362305,0,2.98663592338562,9.041373252868652,0.00228599994443357,1,0.9945390224456787,0.10353118926286697,0.01317607145756483,0,-0.08845482021570206,0.7691659927368164,0.6328980922698975,0,0.055390067398548126,-0.6306069493293762,0.7741230130195618,0,0.0015930000226944685,2.750511884689331,0,1,1,-0.0004929999704472721,0.000018000248019234277,0,0.000493000028654933,1,0,0,-0.000017999753254116513,0.000001004436967377842,1,0,-0.00027799999224953353,2.1825098991394043,0,1,0.11288509517908096,-0.03026929870247841,0.9931469559669495,0,-0.9051997065544128,-0.41529741883277893,0.09023109823465347,0,0.4097200930118561,-0.9091818928718567,-0.07428056746721268,0,-5.79774284362793,13.24057388305664,-0.22205199301242828,1,0.8885379433631897,0.45565325021743774,-0.053674884140491486,0,-0.28820180892944336,0.6453378200531006,0.7074452638626099,0,0.35698816180229187,-0.6131227612495422,0.7047272324562073,0,0,13.021072387695312,0,1,0.7484149932861328,-0.6537529826164246,-0.11172005534172058,0,0.6632299423217773,0.7374679446220398,0.12754513323307037,0,-0.00099305366165936,-0.16955284774303436,0.9855210781097412,0,0,26.46080780029297,0,1,0.9666939377784729,-0.127964049577713,0.22164702415466309,0,0.07734894752502441,0.9716089963912964,0.22359099984169006,0,-0.2439659982919693,-0.1990000158548355,0.9491470456123352,0,0,30.701282501220703,0,1,0.845811128616333,-0.5171306729316711,-0.13106918334960938,0,0.5251442790031433,0.7638056874275208,0.3752640187740326,0,-0.09394918382167816,-0.3862329423427582,0.9176040291786194,0,2.924315929412842,4.013197898864746,1.7694129943847656,1,0.9061899781227112,0.42287006974220276,-0.00041705233161337674,0,-0.4228219985961914,0.9061009883880615,0.014229080639779568,0,0.006394947879016399,-0.01271792035549879,0.9998990297317505,0,-0.06026700139045715,4.216738224029541,0,1,0.9947479963302612,-0.10235799103975296,0.000005025657628721092,0,0.10235799103975296,0.9947479963302612,0,0,-0.00000497434211865766,0,1,0,0.20784799754619598,3.8415091037750244,0,1,0.9974600672721863,-0.06882292032241821,-0.018366366624832153,0,0.07005307078361511,0.9944949746131897,0.07791914790868759,0,0.012902632355690002,-0.0790078416466713,0.9967899918556213,0,3.137795925140381,11.326141357421875,0.020493000745773315,1,0.9997769594192505,0.020979391410946846,0.0024697512853890657,0,-0.020788606256246567,0.9563840627670288,0.29137080907821655,0,0.003750751493498683,-0.291357159614563,0.956606924533844,0,-0.004220000002533197,2.773930072784424,0,1,0.9999979734420776,0.0018279999494552612,-0.00007099999493220821,0,-0.0018279999494552612,0.9999979734420776,0,0,0.00007100001676008105,0,1,0,-0.00003300000025774352,2.643014907836914,0,1,0.9992280006408691,-0.03711092099547386,-0.012863010168075562,0,0.039031073451042175,0.9748011231422424,0.2196357697248459,0,0.004387989640235901,-0.21996824443340302,0.9754969477653503,0,1.007557988166809,11.352453231811523,-0.015196000225841999,1,0.9994819164276123,-0.030308149755001068,-0.010801288299262524,0,0.031588852405548096,0.8605160117149353,0.5084430575370789,0,-0.006115288473665714,-0.5085210204124451,0.8610280156135559,0,0.0013160000089555979,3.357426881790161,0,1,0.9999970197677612,-0.00252700038254261,-0.00003300000389572233,0,0.00252700038254261,0.9999970197677612,0,0,0.000032999996619764715,0,1,0,0.003200999926775694,3.1707069873809814,0,1,0.9983379244804382,0.04293994978070259,0.038448020815849304,0,-0.05401403829455376,0.9297908544540405,0.36410436034202576,0,-0.020113980397582054,-0.3655756711959839,0.9305641055107117,0,-1.1902559995651245,10.756607055664062,-0.07381799817085266,1,0.9978710412979126,-0.06322265416383743,-0.01599098928272724,0,0.05993134155869484,0.7923708558082581,0.6070889830589294,0,-0.02571098878979683,-0.6067549586296082,0.7944729924201965,0,0.0019990000873804092,3.04038405418396,0,1,0.9999979138374329,-0.0020280000753700733,-0.0000470000013592653,0,0.0020280000753700733,0.9999979138374329,0,0,0.0000470000013592653,0,1,0,0.0017269999952986836,2.787921905517578,0,1,0.9943730235099792,0.08499082177877426,0.06324202567338943,0,-0.10328418016433716,0.9105568528175354,0.40027227997779846,0,-0.023565983399748802,-0.40455174446105957,0.914211094379425,0,-2.9550979137420654,8.977566719055176,0.0468829981982708,1,0.990011990070343,-0.13858813047409058,-0.025886626914143562,0,0.1216258630156517,0.7466892600059509,0.653958797454834,0,-0.07130162417888641,-0.6505752205848694,0.7560867667198181,0,-0.0018729999428614974,2.724669933319092,0,1,1,0.0001900000061141327,-0.000007999905392352957,0,-0.0001900000061141327,1,0.0000010007599939854117,0,0.000008000094567250926,0,1,0,0.0007880000048317015,2.2371718883514404,0,1,-0.9680760502815247,-0.16036085784435272,0.19265007972717285,0,0.22416116297245026,-0.8977940678596497,0.3791019916534424,0,0.11216691136360168,0.41018399596214294,0.9050789475440979,0,9.6583890914917,-5.452521800994873,-1.3622020483016968,1,0.9691478610038757,-0.1319124847650528,-0.2082119584083557,0,-0.01390150561928749,0.8141388893127441,-0.5805031657218933,0,0.24608904123306274,0.565487802028656,0.7871870398521423,0,0,53.762638092041016,0,1,0.9945460557937622,-0.0912637785077095,-0.050495266914367676,0,0.0845172330737114,0.4214607775211334,0.9029000997543335,0,-0.06112026795744896,-0.9022429585456848,0.4268752634525299,0,0,51.249671936035156,0,1,0.99919593334198,-0.03710714355111122,0.015198418870568275,0,0.02200685441493988,0.824298083782196,0.5657290816307068,0,-0.03352057933807373,-0.5649390816688538,0.8244510293006897,0,0,15.57994556427002,0,1,-0.9409961700439453,0.22477367520332336,-0.2529871463775635,0,-0.23544637858867645,-0.9718090295791626,0.012321025133132935,0,-0.2430858463048935,0.07115897536277771,0.9673910140991211,0,-9.6583890914917,-5.452521800994873,-1.298814058303833,1,0.9867820143699646,-0.10374598950147629,-0.1244901791214943,0,0.01339801587164402,0.8178088068962097,-0.5753342509269714,0,0.1614978313446045,0.5660616755485535,0.8083891868591309,0,0,53.759918212890625,0,1,0.9671510457992554,0.24024765193462372,0.08306099474430084,0,-0.12486333400011063,0.1643701046705246,0.978463888168335,0,0.2214209884405136,-0.9566940069198608,0.18896892666816711,0,0,51.24431228637695,0,1,0.9975730180740356,-0.0015107947401702404,-0.06960471719503403,0,0.040632206946611404,0.8244707584381104,0.5644443035125732,0,0.056534294039011,-0.5659026503562927,0.8225312232971191,0,0,15.362093925476074,0,1
K0.033,0.7309709787368774,0.0014232126995921135,0.6824069023132324,0,0.052123211324214935,0.996959924697876,-0.05791184678673744,0,-0.6804150938987732,0.07790115475654602,0.7286749482154846,0,-0.6946887969970703,111.70278930664062,-0.20964106917381287,1,0.9967570304870605,-0.01254928670823574,-0.07949180901050568,0,0.01290271244943142,0.999908983707428,0.003934048116207123,0,0.07943519204854965,-0.004946949426084757,0.996828019618988,0,0,9.820884704589844,-0.9499559998512268,1,0.9861839413642883,-0.004545243456959724,-0.1655893474817276,0,0.03770875930786133,0.9795389175415039,0.19769105315208435,0,0.16130265593528748,-0.20120392739772797,0.9661770462989807,0,0,11.511178970336914,0,1,0.9861839413642883,-0.004545243456959724,-0.1655893474817276,0,0.03770875930786133,0.9795389175415039,0.19769105315208435,0,0.16130265593528748,-0.20120392739772797,0.9661770462989807,0,0,13.155628204345703,0,1,0.9997450113296509,0.0029710091184824705,0.022407222539186478,0,-0.003460986539721489,0.9997550249099731,0.02186002768576145,0,-0.022336779162287712,-0.021931996569037437,0.9995100498199463,0,0,14.800093650817871,0.0000019999999949504854,1,0.9372029304504395,-0.044468965381383896,-0.34593918919563293,0,0.006171026267111301,0.993798017501831,-0.11103010922670364,0,0.34873083233833313,0.10192286223173141,0.9316640496253967,0,0,6.338486194610596,1.260532021522522,1,-0.013389221392571926,0.026565203443169594,-0.9995569586753845,0,0.9285888671875,-0.37044012546539307,-0.022283824160695076,0,-0.37086808681488037,-0.9284759163856506,-0.01970817707479,0,5.79774284362793,13.22692584991455,-0.08096300065517426,1,0.9760620594024658,-0.058713652193546295,0.20941779017448425,0,-0.12251465767621994,0.6471446752548218,0.7524582147598267,0,-0.17970320582389832,-0.7601027488708496,0.6244602203369141,0,0,13.021071434020996,0,1,0.666067898273468,0.741003155708313,-0.08525867760181427,0,-0.7356497049331665,0.6714931726455688,0.08897507190704346,0,0.12318132072687149,0.0034570845309644938,0.9923779964447021,0,0,26.477821350097656,0,1,0.9361198544502258,-0.10103083401918411,-0.3368552327156067,0,-0.018823832273483276,0.9420790076255798,-0.3348631262779236,0,0.3511757552623749,0.31981295347213745,0.8799970746040344,0,0,30.701234817504883,0,1,0.8601856827735901,0.49941134452819824,-0.10328533500432968,0,-0.35933157801628113,0.7372411489486694,0.5721500515937805,0,0.3618846833705902,-0.45504194498062134,0.8136191964149475,0,-2.918853998184204,4.035161018371582,1.7595349550247192,1,0.9983100295066833,-0.05810375139117241,0.0013461443595588207,0,0.05811724811792374,0.9982029795646667,-0.01462674792855978,0,-0.0004938559723086655,0.01468025054782629,0.999891996383667,0,-0.019144000485539436,4.225456237792969,0,1,0.9892059564590454,0.14651700854301453,0.0019212320912629366,0,-0.14651697874069214,0.9892079830169678,-0.00016564055113121867,0,-0.0019247678574174643,-0.00011764054215746,0.9999979734420776,0,-0.2364709973335266,3.8546180725097656,0,1,0.9774559140205383,0.2105642557144165,0.015547960996627808,0,-0.21112976968288422,0.975398063659668,0.06342204660177231,0,-0.0018110370729118586,-0.06527496129274368,0.9978660345077515,0,-3.0874218940734863,11.388293266296387,-0.02024799957871437,1,0.9999039173126221,-0.013865921646356583,-0.000293093326035887,0,0.013383079320192337,0.9591090083122253,0.2827221751213074,0,-0.0036390936002135277,-0.2826988101005554,0.9592020511627197,0,0.0036849998869001865,2.7538280487060547,0,1,0.9999960064888,-0.002896999940276146,0.00011100075062131509,0,0.002896999940276146,0.9999960660934448,0,0,-0.00011099927360191941,0,1,0,0.0015640000347048044,2.6196908950805664,0,1,0.9963099956512451,-0.07987511903047562,-0.03139202296733856,0,0.08514087647199631,0.9659120440483093,0.24446861445903778,0,0.010794978588819504,-0.24623937904834747,0.9691489338874817,0,-1.0070630311965942,11.289299964904785,-0.023753000423312187,1,0.9995920062065125,0.027490021660923958,0.007812099531292915,0,-0.028420979157090187,0.9275630712509155,0.37258297204971313,0,0.002996099879965186,-0.3726530075073242,0.9279660582542419,0,-0.0010890000266954303,3.407547950744629,0,1,0.9999979734420776,0.0018599999602884054,0.000023999067707336508,0,-0.0018599999602884054,0.9999979734420776,-0.0000010223197932646144,0,-0.00002400093580945395,0,1,0,-0.002329000039026141,3.2374179363250732,0,1,0.9845259785652161,-0.17032310366630554,-0.04120930656790733,0,0.1673819124698639,0.844399094581604,0.5088939666748047,0,-0.05187930911779404,-0.507917046546936,0.8598419427871704,0,1.1078490018844604,10.550488471984863,-0.018208999186754227,1,0.9988399744033813,0.047196224331855774,0.009527064859867096,0,-0.045069772750139236,0.8468749523162842,0.5298790335655212,0,0.01694006472826004,-0.5296940207481384,0.848020076751709,0,-0.0014130000490695238,3.030565023422241,0,1,0.9999980330467224,0.002212000312283635,0.000048000012611737475,0,-0.002212000312283635,0.9999980330467224,0,0,-0.00004799999078386463,0,1,0,-0.002265000017359853,2.8927578926086426,0,1,0.971049964427948,-0.2284553200006485,-0.06978291273117065,0,0.22827769815921783,0.8014410138130188,0.5527941584587097,0,-0.0703619122505188,-0.5527209043502808,0.830390989780426,0,2.98663592338562,9.041373252868652,0.00228599994443357,1,0.9945350289344788,0.1035621240735054,0.013201918452978134,0,-0.08847685903310776,0.7689540386199951,0.6331518888473511,0,0.055418916046619415,-0.6308600902557373,0.7739149332046509,0,0.0015930000226944685,2.750511884689331,0,1,1,-0.0004929999704472721,0.000018000248019234277,0,0.000493000028654933,1,0,0,-0.000017999753254116513,0.000001004436967377842,1,0,-0.00027799999224953353,2.1825098991394043,0,1,0.11259475350379944,-0.030268756672739983,0.9931799173355103,0,-0.9055251479148865,-0.41463252902030945,0.09002085775136948,0,0.40907979011535645,-0.9094849824905396,-0.07409445196390152,0,-5.79774284362793,13.24057388305664,-0.22205199301242828,1,0.8888000249862671,0.45516201853752136,-0.05350305140018463,0,-0.28787893056869507,0.6453200578689575,0.7075929045677185,0,0.3565959334373474,-0.6135060787200928,0.7045919299125671,0,0,13.021072387695312,0,1,0.7483369708061218,-0.6539310216903687,-0.11120571196079254,0,0.663316011428833,0.7372638583183289,0.12826842069625854,0,-0.0018907454796135426,-0.16975261270999908,0.9854851365089417,0,0,26.46080780029297,0,1,0.9668309688568115,-0.1275603175163269,0.2212819904088974,0,0.07720568776130676,0.9717870950698853,0.22286778688430786,0,-0.24346798658370972,-0.19839118421077728,0.9494019150733948,0,0,30.701282501220703,0,1,0.8467651009559631,-0.5153297185897827,-0.13199840486049652,0,0.5240412354469299,0.7653908729553223,0.37357383966445923,0,-0.09148339182138443,-0.3855021297931671,0.9181608557701111,0,2.924315929412842,4.013197898864746,1.7694129943847656,1,0.9062380194664001,0.42276695370674133,0.00034801868605427444,0,-0.42272108793258667,0.9061269760131836,0.015510598197579384,0,0.0062420242466032505,-0.014203419908881187,0.9998800158500671,0,-0.06026700139045715,4.216738224029541,0,1,0.9947479963302612,-0.10235799103975296,0.000005025657628721092,0,0.10235799103975296,0.9947479963302612,0,0,-0.00000497434211865766,0,1,0,0.20784799754619598,3.8415091037750244,0,1,0.9974369406700134,-0.06913812458515167,-0.01841011457145214,0,0.07035286724567413,0.9945819973945618,0.0765349492430687,0,0.013018886558711529,-0.07763399928808212,0.9968970417976379,0,3.137795925140381,11.326141357421875,0.020493000745773315,1,0.99977707862854,0.020956888794898987,0.00246179336681962,0,-0.02076711505651474,0.9565668702125549,0.2907713055610657,0,0.0037387930788099766,-0.2907576858997345,0.9567890763282776,0,-0.004220000002533197,2.773930072784424,0,1,0.9999979734420776,0.0018279999494552612,-0.00007099999493220821,0,-0.0018279999494552612,0.9999979734420776,0,0,0.00007100001676008105,0,1,0,-0.00003300000025774352,2.643014907836914,0,1,0.9992370009422302,-0.036882806569337845,-0.012811233289539814,0,0.038800183683633804,0.9746569991111755,0.2203139364719391,0,0.004360765218734741,-0.2206430584192276,0.9753450155258179,0,1.007557988166809,11.352453231811523,-0.015196000225841999,1,0.9994840025901794,-0.030255978927016258,-0.010771963745355606,0,0.03153502196073532,0.8610180020332336,0.5075960755348206,0,-0.006082962732762098,-0.5076739192008972,0.8615279793739319,0,0.0013160000089555979,3.357426881790161,0,1,0.9999970197677612,-0.00252700038254261,-0.00003300000389572233,0,0.00252700038254261,0.9999970197677612,0,0,0.000032999996619764715,0,1,0,0.003200999926775694,3.1707069873809814,0,1,0.9983279705047607,0.04310810565948486,0.03849995881319046,0,-0.054189905524253845,0.9297760128974915,0.3641151189804077,0,-0.02010004222393036,-0.3655928671360016,0.9305580854415894,0,-1.1902559995651245,10.756607055664062,-0.07381799817085266,1,0.997875988483429,-0.06315682828426361,-0.015940917655825615,0,0.059869151562452316,0.7928599119186401,0.60645592212677,0,-0.025662915781140327,-0.6061220765113831,0.7949569225311279,0,0.0019990000873804092,3.04038405418396,0,1,0.9999979138374329,-0.0020280000753700733,-0.0000470000013592653,0,0.0020280000753700733,0.9999979138374329,0,0,0.0000470000013592653,0,1,0,0.0017269999952986836,2.787921905517578,0,1,0.9943770170211792,0.08495382964611053,0.06322535127401352,0,-0.10324916988611221,0.9104669690132141,0.40048715472221375,0,-0.023541651666164398,-0.404762864112854,0.9141181111335754,0,-2.9550979137420654,8.977566719055176,0.0468829981982708,1,0.9900040626525879,-0.13863572478294373,-0.02592875249683857,0,0.12166325747966766,0.7464430928230286,0.6542328596115112,0,-0.0713457465171814,-0.6508480310440063,0.7558488845825195,0,-0.0018729999428614974,2.724669933319092,0,1,1,0.0001900000061141327,-0.000007999999979801942,0,-0.0001900000061141327,1,0,0,0.000007999999979801942,0,1,0,0.0007880000048317015,2.2371718883514404,0,1,-0.9680649042129517,-0.16040915250778198,0.19266127049922943,0,0.22413285076618195,-0.8980648517608643,0.3784742057323456,0,0.1123117208480835,0.40956979990005493,0.9053391218185425,0,9.6583890914917,-5.452521800994873,-1.3622020483016968,1,0.9691970348358154,-0.13152071833610535,-0.208231121301651,0,-0.014035728760063648,0.8146077990531921,-0.579842209815979,0,0.2458878755569458,0.5649037957191467,0.7876691222190857,0,0,53.762638092041016,0,1,0.9945209622383118,-0.09151118993759155,-0.050529517233371735,0,0.08468180894851685,0.42186078429222107,0.9026970863342285,0,-0.06129051372408867,-0.9020308256149292,0.4272990822792053,0,0,51.249671936035156,0,1,0.9992030262947083,-0.036982398480176926,0.015019899234175682,0,0.022013600915670395,0.8244459629058838,0.5655120611190796,0,-0.0332970917224884,-0.5647308230400085,0.8246030807495117,0,0,15.57994556427002,0,1,-0.9409781694412231,0.22492070496082306,-0.25292402505874634,0,-0.23553931713104248,-0.9717890024185181,0.012105969712138176,0,-0.2430659681558609,0.07096502929925919,0.9674100279808044,0,-9.6583890914917,-5.452521800994873,-1.298814058303833,1,0.9868429899215698,-0.1034027561545372,-0.12429128587245941,0,0.013293235562741756,0.8180371522903442,-0.5750117301940918,0,0.16113270819187164,0.5657941699028015,0.8086488842964172,0,0,53.759918212890625,0,1,0.9672220349311829,0.2399686723947525,0.08304685354232788,0,-0.12488633394241333,0.16477300226688385,0.9783929586410522,0,0.2210998684167862,-0.956695020198822,0.1893409639596939,0,0,51.24431228637695,0,1,0.997573971748352,-0.0015103075420483947,-0.06960458308458328,0,0.040631696581840515,0.8244707584381104,0.564444363117218,0,0.05653441324830055,-0.5659026503562927,0.8225312232971191,0,0,15.362093925476074,0,1
